7.388742622912761759e-06
-1.687443161382432650e-05
2.854276466983135963e-05
-3.791631309621932807e-05
3.403105090028227324e-05
-2.643564519417060179e-05
-4.729761865607124143e-05
1.588035919631572077e-04
6.909497450725218554e-04
-1.717831959190119218e-03
1.035049771632808637e-06
3.753798939203329014e-07
-1.712210745280759665e-06
-1.724238823144012600e-06
-6.157843512540055730e-07
3.308949949058903115e-06
3.895489174397267053e-06
-2.618417768108623684e-07
-6.407748506970221245e-06
-1.596571669187096159e-06
1.365765756911437681e-05
6.833742844829764791e-06
-5.672167918911887262e-06
-6.004468118241224430e-05
-3.321766389807684510e-06
1.400300190102024556e-04
1.503203195842829848e-04
-2.029240524970803562e-04
-2.111015723714835938e-04
4.585341341127473539e-04
4.008369765300173401e-04
-1.413539639508266360e-06
2.470566243068378591e-06
4.012039078856457951e-07
5.145520621398046680e-07
4.938317740849661912e-07
1.552898591477025093e-06
-4.635366618753503936e-06
-1.333547805343645401e-06
7.442101131639652437e-06
6.948981355996399693e-06
2.087614153734750725e-05
-3.637487817426497677e-05
5.791350660662914560e-06
-1.694246355287599800e-06
1.810871863618020646e-05
-1.894708973887612149e-04
3.560766537256698804e-04
1.272755037805987162e-04
-2.297094044147429378e-04
-6.270116192244007771e-05
9.712734877145866080e-05
-1.624538867252487675e-04
-3.234674179267993263e-05
5.048697071670361046e-05
3.874590684562721906e-05
-1.569251544037511637e-05
-3.083159046425670250e-05
-1.045124406850479497e-06
5.081799237161401150e-06
4.171106429541172840e-05
-8.927942979311669848e-06
-1.916146953852642217e-05
5.155417876430040171e-05
1.167854343843432611e-04
-1.912917959929726617e-06
-1.077716349226597347e-05
-1.043689177589666431e-04
3.419132194976317311e-05
5.842100633189472046e-05
1.579919834483751030e-04
1.089424758161385530e-06
1.315089832715342507e-04
2.912125686715562927e-05
-1.205361713250053835e-04
6.870367124093086284e-05
6.240905003464823685e-05
-1.252802849186785541e-06
7.519124632219118239e-06
-9.851155196478421480e-06
-2.827355267736306541e-06
1.836601968548814355e-05
1.701913704802317224e-05
-6.455324884786244680e-06
-1.022998170139634524e-05
9.746455855621225230e-06
-7.980099283064261096e-06
1.820428752493328248e-05
-4.338355585846122357e-06
2.693345147491396684e-05
-1.344029715012971116e-05
4.822063993859914392e-05
-6.322167112858948000e-05
4.059176131546603694e-05
-3.136047693021110837e-05
-1.383244104489246761e-07
1.341579428496652512e-05
-2.983550547828528135e-05
1.978864574479318925e-05
-1.608743138967051695e-05
4.206110714372780852e-06
1.089299386368853700e-05
4.753929642389952877e-06
1.355414613418287549e-05
5.223903679176493267e-06
-1.549824955082495723e-05
8.416287077485423891e-05
-2.205746608284404908e-04
3.990299728798252753e-04
-8.879313434593988407e-04
2.987249672341404320e-04
-2.001784067116372731e-03
2.469667527771845800e-03
5.000041194708251466e-03
5.334176811664584870e-03
-2.742205943704629362e-04
7.827634982317953591e-06
-2.438833714202625906e-05
-2.202515290581579289e-05
-2.535196543405723093e-05
5.547792591588614263e-05
4.247580442010052027e-05
4.045381243632245475e-05
-1.052268926179922417e-04
-1.012005256483503474e-04
-3.703319772119837116e-05
1.634429632739607034e-04
1.163871223047255467e-04
1.199525039365558344e-04
-3.168445388741197421e-04
-2.228234271815626429e-04
-4.904830221050712454e-04
2.336949013085561663e-04
8.527812360495860659e-04
-1.513927187196790710e-04
1.413806510497078294e-03
5.113149231206680313e-04
-2.223643180331119585e-04
-1.195640471376906920e-04
-9.366059267388823252e-05
1.025624352596954175e-03
7.863378397900308266e-04
-6.252093601404112508e-04
-4.758149478806649314e-04
-2.937528284250023598e-04
3.150875068346693352e-03
2.446729180351843187e-03
-7.558995589812177391e-04
-3.130593337155578720e-04
-3.065376340905541074e-04
3.315122817673243991e-03
2.508385180122315195e-03
-3.655917694067248183e-05
-6.689757301536308461e-04
-8.181259149220720549e-05
1.366715088313701738e-03
1.280026609765720852e-03
1.309894858372421839e-04
-3.703998778636069370e-04
-8.759687022554922011e-05
3.807881902881503225e-04
3.078048180237222828e-04
7.232063610443349427e-06
-3.938251380337540549e-05
-1.903814924953118720e-05
4.255494735108489399e-05
1.621147885183252463e-04
1.389723168661157437e-05
-7.375941468487835122e-05
1.646186165870785697e-04
1.633442767202337499e-04
-6.120460127188591024e-05
8.157748535756702551e-05
3.445841251948086143e-04
7.850024857040590069e-05
-8.666455222595560574e-05
1.699768881638511267e-04
-1.000284332426352063e-04
1.943739327425618620e-04
-2.391212243878466042e-05
2.336778624338657834e-04
-9.811158767446835681e-05
6.224669863592602055e-05
2.451982945949795001e-05
-2.940778580030390361e-05
-4.906231812450926461e-05
-2.141238147146923464e-05
-2.633462847737960723e-05
-1.528750268698280001e-05
-5.747459596318087977e-06
3.857667081568501419e-05
2.914603079965438689e-05
1.204461343198410825e-05
-2.125110811761828940e-05
-9.234494741596598738e-05
-2.728567190737678330e-05
1.017939946957118098e-06
-5.949761294604141942e-05
6.842730244765680427e-05
1.356981979944247435e-05
8.142294124000797972e-05
-1.967800960949424449e-05
-2.464840053195790332e-05
-5.689961742469867040e-06
2.913707913025581707e-05
1.556446359442003992e-05
1.465732139597172132e-05
-4.604464855037481010e-06
-2.761251218484173862e-05
-4.456448340303524760e-05
-9.876440442593312655e-06
2.009924522738580025e-05
3.070286316113945762e-04
-7.165485439588325242e-04
1.219605658962647811e-03
-1.763159377711553477e-03
1.516934204031976374e-03
-2.018655093274717652e-03
1.618687537132731469e-03
1.807820064386487320e-04
7.741343727522542566e-03
2.195319468437924998e-03
-4.100780354907707053e-06
4.926651497856127022e-06
7.863075316602717278e-06
1.612457361427604630e-05
-1.043295258240516216e-05
-9.996619967941918679e-06
-1.186254874142367997e-05
2.384293792392656389e-05
3.965398714297819376e-05
-5.644547130666944837e-06
2.861735861328462374e-05
1.890035272040576852e-05
-7.349826351577929968e-05
1.252898100893786880e-04
7.491787444491673255e-05
1.640396030078307811e-04
-6.863651862822363597e-04
-4.915060806527971103e-04
4.834697485804951059e-04
7.401423793854951900e-05
-7.348916127601275725e-04
-1.068713091372115845e-04
-4.490522759196541319e-05
-4.985083499887401834e-05
5.252874175636484131e-04
4.015792040396647198e-04
-3.081752828108120373e-04
-2.778681148624200480e-04
-1.684100287566134594e-04
1.762268269194768250e-03
1.383289439945952501e-03
-7.504012706089143326e-04
-6.534657427049662861e-05
-2.499828640508865510e-04
3.027898321666618042e-03
2.313594360573737081e-03
3.648696781008125135e-04
-7.943801042008656220e-04
-3.711514454800069526e-04
8.296944866578374704e-04
3.759863223396272950e-04
6.544083342441870017e-04
-1.365641808738936834e-03
4.138474574105158329e-04
-2.417798631331789067e-04
8.371816443484829829e-04
-3.609148466910368290e-04
-2.299529534174653484e-04
-4.347947270942078245e-05
-9.173700051050885055e-05
-5.030571467041441720e-04
-8.794110203690926704e-05
4.989421554681686610e-05
-3.706530304411667079e-04
-6.698058407028326415e-04
3.586105998570249297e-04
-3.291464032721651690e-04
-6.609335165410356889e-04
-4.652142401816337859e-04
3.695127761028287137e-04
-1.253392816634867784e-04
-7.245316134297986215e-05
-1.502123871448893188e-05
8.660617708657551001e-05
-4.100737382194872237e-04
1.582537098761379246e-04
-7.580582231144615969e-05
1.049393235906025346e-04
1.280748352378628992e-05
-1.307527972528147483e-04
-6.609490046548538715e-05
4.396764136422318591e-05
1.774151411599389909e-05
-6.806625929604192193e-05
-1.018177657621927419e-04
9.146323407279526686e-06
-6.510722551782770445e-05
-1.338956324755600415e-05
-1.494717987155244436e-04
1.029615674096264919e-04
-1.610904329453048960e-04
-5.884098593269002840e-06
-4.473918861241573135e-05
3.193995732592802648e-04
1.571990311951576601e-05
8.739361445331457218e-05
3.164364405877256360e-05
4.368390077824579833e-05
-2.149693228594502626e-05
1.212159353257501843e-05
-3.230488983286057450e-05
-3.848581413434007766e-05
1.306207562244306435e-04
6.904518754883981982e-06
5.633408767631471476e-05
-7.557897801024378512e-06
1.626568991675391275e-04
-3.803314788614012981e-04
6.429545744419321160e-04
-9.301607503658202315e-04
8.375337031799563259e-04
-1.040566312806771518e-03
9.757095681424363684e-04
-2.527857330551445806e-04
2.951873709904670028e-03
-2.526735088383419946e-03
6.125966491872297378e-06
-1.427241232515655335e-05
-1.170114987041150506e-05
-1.521082166270736752e-05
3.337858765168162715e-05
2.327571858469961052e-05
2.360093213428796701e-05
-5.786997562487556312e-05
-4.867975254627181182e-05
-1.107118836093056321e-05
1.477183835368487623e-04
3.025530304287217591e-05
7.094459905638649097e-05
-4.197100947908404922e-04
-1.317718471865213573e-04
-2.701264434866953740e-04
9.781901875535307413e-04
5.282094111969501578e-04
1.621046484968141760e-05
3.960707448339500993e-04
3.686369666198015477e-05
-5.439803164802511237e-05
-1.862226520001244838e-05
-1.848362096791068650e-05
2.365090921046180219e-04
1.730312626321474790e-04
-1.355212190790600882e-04
-1.470927643664230822e-04
-5.702286435646258150e-05
7.202253657221337939e-04
5.653437671719221784e-04
-4.256864971281858830e-04
1.446669084074013880e-05
-9.635142985468151224e-05
1.429674035533314491e-03
1.048613991693089515e-03
6.824932570842183336e-04
-1.137103923028295492e-03
-6.380591513680933637e-04
8.421073268107976415e-04
-9.662085810288731022e-05
-5.173381427844769631e-05
1.440026407438487204e-04
-1.284593957907451600e-04
1.683869233869277082e-04
-1.585422095362483657e-04
8.447579084154790865e-05
-4.898837439631572726e-05
7.482660942003801840e-06
9.580121610557568136e-05
3.433135344588985629e-04
1.962772292293999657e-05
-1.177931792268146387e-04
-1.822189883929194534e-04
6.372231877201407226e-05
-3.642468373295495369e-04
5.752675254067586341e-05
6.605522712090174976e-04
-1.548146838127854879e-05
-2.452553602286693720e-04
5.640682558327320139e-05
1.281700953404567897e-04
-1.570779273573795953e-04
1.981472264093105964e-04
2.710441116719404213e-05
2.594396614921872326e-04
-1.505424977898219322e-04
3.840712106906326949e-05
-4.542285137925716683e-06
-7.652765429259496504e-05
-5.072484155532859475e-05
7.531178582795001845e-05
1.134081731494154691e-04
-8.547403244978256831e-05
-2.986110523764651961e-05
5.794738137835952926e-05
-2.762248604683723257e-05
-8.687716522968967343e-05
4.295956974184461777e-06
-7.335066535178472939e-05
8.069563542483991459e-05
3.281717778690260542e-05
7.904635519158906048e-05
6.747697022662568860e-06
1.992200213994417687e-04
-3.912237807125925877e-05
1.596204059119245964e-05
4.265279422429480170e-06
2.345502153650792255e-06
-3.289862615861325674e-05
2.654001678730544603e-05
7.383468134185698779e-06
-5.946567927702051072e-05
-2.031338252449849658e-05
3.806964487192807319e-06
1.058355591235482415e-06
1.487055498191131779e-04
-3.459559377759603509e-04
5.895387112814422931e-04
-8.441426967286340790e-04
7.532231164998531891e-04
-9.495369271315984468e-04
7.354378820630128261e-04
4.188850382666039411e-04
1.574229931149044061e-03
-3.351534933957863935e-03
-1.111901870245678205e-05
6.050509617002586813e-07
1.260428125767815306e-05
1.423320680391751303e-06
6.369922824670666698e-06
-4.243866340142805958e-05
-6.130195481760512301e-05
7.458802128332620253e-06
3.998434387087918831e-05
8.517962234243318118e-05
1.183926889805176719e-04
-1.136367369065671874e-04
-1.563521040807063845e-04
-3.466321365877463598e-04
3.543919404487519301e-04
7.666506855872922462e-04
1.503082615303894627e-03
-5.793826351606270325e-04
3.475600273081826922e-04
3.960078667453967652e-03
2.239442191275934128e-04
-7.431620152641329861e-05
-3.190941348081410410e-05
-1.086117335284464536e-05
2.243514865277623804e-04
1.938041407601271630e-04
-1.472366633048194612e-04
-1.506309392751089573e-04
-9.734693241851953712e-05
6.987997781125131723e-04
4.776589700815359876e-04
-5.427287028958323843e-04
-7.998675003269311483e-05
-4.037923405368177784e-05
1.363721502718429632e-03
1.179987473317942745e-03
4.188407183645298569e-05
-6.632885619947894058e-04
5.912417275482593224e-04
3.156219573592391179e-04
1.386188468940618979e-03
-3.713736948896451031e-04
6.372675469549785509e-04
1.272309683570700808e-04
7.526901013370008618e-06
-2.124278236813431203e-05
-3.132557940100301106e-04
-2.765784539584482862e-04
-6.609285084040688154e-05
-1.909510182499084494e-05
-1.235663698188738504e-04
-6.028221329809204201e-05
-1.326966829838145418e-04
-7.769734490933488018e-04
-6.933914485229555544e-04
-8.107120116969427574e-05
-8.468253145206861856e-05
-3.761565573096061735e-05
-2.951481856954616258e-04
-2.559499016386044342e-04
-2.028980542438197710e-04
-3.824828544951951572e-04
1.311213323564037309e-04
-2.033846453469837271e-04
-9.086474555703245501e-05
-3.225871896895315992e-04
2.023154621257769936e-04
1.195157074124424639e-04
4.492907922261043553e-05
-1.640692266165049031e-05
8.789824822993676947e-06
-4.546832985770451108e-05
-6.225444290041210946e-05
-7.191004476808017412e-05
-1.043156617178988660e-04
-1.506401961016889317e-04
8.316782314082806686e-05
2.653330128251524752e-05
4.586952452370406955e-07
1.152890615289295481e-04
-2.043648850807942017e-04
-1.884507932381842307e-04
-7.307028569356729052e-05
1.923111299965617760e-05
-2.558927937092728079e-04
6.063977300083747284e-05
7.023700382286271991e-05
4.246992961201090047e-05
7.254116071110790312e-06
-3.700320520959140581e-06
-5.827600122974142236e-06
-3.599903253476809123e-05
6.375355499520856078e-05
-2.106326798457632747e-05
5.617033030144257514e-05
4.290522366708045206e-05
4.993840197929961958e-04
-1.164922404219498895e-03
1.983925819880209395e-03
-2.864954051905622880e-03
2.474491717481992759e-03
-3.286931579637160199e-03
2.576968532694946107e-03
1.792721305173327956e-04
1.330614136073527548e-02
7.014303348911207596e-03
-1.606208474110523913e-05
-1.593620773508441508e-05
-9.819627930719157508e-06
-1.081097914180546713e-04
6.011609718570579076e-05
-5.543054065065988490e-05
-1.643367164070298975e-04
-5.032157771851776768e-05
-9.947218473468573180e-05
9.801531125245156306e-05
9.065381237357135425e-05
-5.815916574217858424e-05
4.580661956062741539e-04
-5.396779555730546202e-04
1.974101051044444303e-04
4.921657279822795215e-04
1.256078391316474765e-03
5.554900379473599447e-04
-2.719778545266224486e-03
4.625990919363926965e-03
5.327079861419257295e-03
-2.402619243754398220e-04
-1.079434705743566824e-04
-1.841951157089545511e-04
7.486293355748352852e-04
7.069478524698503312e-04
-7.793794082646682405e-04
-4.833717351325358632e-04
-7.016329849915998876e-04
2.611788389840560744e-03
2.376911802251896206e-03
-1.561187054972375948e-03
-3.932010772717855736e-04
-9.571306500314667428e-04
4.416219544135231538e-03
4.207404565360422198e-03
8.192114554551656888e-04
-1.880809135939521788e-03
-1.638814871514550570e-03
2.007454004749251002e-03
2.585801509612573371e-04
1.941445690287551921e-03
-3.037345698809103788e-03
-1.024006508785831222e-03
7.263244171903285957e-04
-8.718453253386379185e-05
4.163863380350876406e-04
2.361714516050151830e-04
9.639874737626194653e-05
1.208274565189531982e-05
6.108292765367638816e-04
1.136540910313194925e-04
-1.356002354573832079e-04
3.349483111251085922e-04
7.215307113533711309e-04
-6.150479613558634817e-04
2.771483157338495572e-04
8.307604832267823135e-04
6.795298937919296879e-04
-7.735663163604992662e-04
-7.718583077422366638e-05
-8.771418949909375181e-05
1.427730342289854060e-04
-2.251664951661981975e-04
1.914345614258814354e-04
-3.823248286622057696e-04
2.262161747045178105e-04
1.558857055594430128e-04
1.752321132672373036e-05
-1.435295772779827820e-04
-7.321867151801025441e-05
6.014977617410343356e-05
6.880661377045709805e-05
-1.068934626455918615e-04
-1.334778977793346622e-04
-3.301313418694627391e-05
-1.419923390850345651e-04
-3.590200867005593447e-05
-2.565708502245189543e-04
7.912454637496165529e-05
-1.498170664232900138e-05
-3.025085921546927435e-05
1.424505448904212423e-04
2.427466829066836590e-04
2.459549308254067672e-04
-9.708959232652127839e-05
-5.177405382515363997e-05
-1.889794097968533398e-05
-3.873972987046738473e-06
1.304686693515590847e-07
2.674503023598111682e-05
7.250651000500696265e-05
-1.662233905201321662e-04
-1.092839680934647207e-05
-4.631227080807235734e-05
1.157881778084854375e-05
2.364339978484343108e-04
-5.501565488088351781e-04
9.397540976741168431e-04
-1.349394514911488518e-03
1.193106480104758234e-03
-1.555294343491134008e-03
1.376813951253232603e-03
-5.615261964702449298e-04
6.704776842851082296e-03
-1.526842190026703183e-03
-1.631831841145384500e-06
4.667675849805965576e-06
4.328450271205263044e-06
4.280481223106341875e-05
-1.369385248714622880e-05
2.445447026879754289e-05
2.231610385186491401e-05
1.974266044449124943e-05
4.655434998095204428e-05
-1.834463055836805167e-05
-8.341545265546513991e-05
7.430455581457104343e-05
-1.337501670340785159e-04
2.853648910565455797e-04
-1.434271576315850386e-04
-1.089867507607601899e-04
-6.859599579012245780e-04
-3.813647601854707001e-04
-2.584280876331420621e-03
1.599541158101527426e-03
4.348887191597474063e-03
-9.801232460016541406e-05
-5.423411904595328058e-05
2.284194989381871350e-05
3.847119916371980657e-04
2.384303043258326064e-04
-2.632582704977836697e-04
-2.751126089740473955e-04
4.739240765873984354e-05
1.332634406113420746e-03
8.513815108298581355e-04
-6.725697300704320918e-04
-2.094150037060986738e-04
1.451952263122532612e-04
2.369010867305260115e-03
1.435023359805528151e-03
2.651661596108898281e-04
-6.157047287500208447e-04
-5.032839477195874718e-04
1.135891204337360601e-03
-1.559199896391321133e-04
-2.288216132336529140e-04
4.375512573622486988e-04
-1.675558129947441485e-04
2.030735333661681926e-04
-2.617511875396224576e-04
-9.152436495254478771e-05
1.411026740507145144e-04
3.115765139824242078e-05
-1.489919631615983938e-04
-4.903252192136291340e-04
1.849114464164766121e-05
1.614654888151490159e-04
2.886627985513249141e-04
-1.385012400986916279e-04
7.240863476977154331e-04
-3.088550144233051303e-04
-9.190292227263293767e-04
-1.141110420142567170e-04
5.577563518851024003e-04
-9.445890864915012630e-05
-5.718893468967420303e-04
4.287821658381921934e-04
-3.494746254110734019e-05
-6.051565920538417480e-04
-6.985108926589843066e-05
1.235707222648407203e-04
3.850437042269696055e-05
2.328317514225309085e-05
-1.109391517283648198e-04
-8.827778564704486615e-05
1.202163127869637312e-04
1.419048342317329983e-04
-1.165705210762949093e-04
-5.560240790150414592e-05
9.021462783245001033e-05
4.652686278908553893e-05
-1.865982600424718812e-04
-9.153593300865367737e-05
-1.969661869761985462e-04
-1.115496993533886212e-05
1.941658634557741879e-04
-1.940303585709638660e-04
2.384086447893812692e-04
1.691140424226775609e-04
3.545867897743067404e-05
-1.259891205842147692e-05
-2.147073345460741211e-05
-2.540744567946098015e-05
5.649842056494825066e-05
-8.028324814933501417e-05
-2.241251027706076026e-06
9.951970076544491969e-05
4.671434159869842487e-05
-3.686121467574670734e-05
-8.214197036877065244e-06
1.138861746140374900e-04
-2.655127852271757364e-04
4.506325263716652401e-04
-6.477806057643581980e-04
5.901476903341423483e-04
-7.252965614706286196e-04
6.705031881062611726e-04
1.005939859300076426e-04
3.938078033413192807e-04
-1.279615104938062586e-03
1.262162676256727478e-05
1.023825409264641467e-06
-1.942845270901876842e-05
-1.372666414919456228e-05
-4.649289157078872376e-06
5.422803394082668102e-05
6.184342944046239518e-05
-3.806651778024907217e-08
-6.946921012888719930e-05
-1.125855078716654926e-04
-7.643490149193462994e-05
1.697806170585571277e-04
2.795412378120155352e-04
6.759270344802015664e-05
-5.617718090894065555e-04
-1.012668098691423728e-03
3.764905770007685032e-04
1.578278832782047331e-03
-5.503887677885449439e-04
1.156734280143605336e-03
1.080470984101260159e-03
-3.149885012882352737e-05
-2.416512007115089781e-05
2.108261718335085855e-06
1.750689556875761530e-04
1.241219303167186670e-04
-6.515873762167874537e-05
-5.668073034380678000e-05
3.678770441462937457e-06
4.852745434499603286e-04
3.166589049427645389e-04
-2.872400266251549559e-04
-1.369949070607889841e-05
1.556323957136358126e-05
1.076553975538420502e-03
7.452031372018061775e-04
7.441413909069130974e-04
-1.507913745387222913e-03
3.402497369538330153e-04
5.266296808281851723e-05
9.536089986693011130e-04
5.946770941848437233e-06
-7.155691171004138815e-06
7.447702344409034983e-05
-1.339119416757142520e-04
1.136171050698190493e-05
2.308371368985817575e-04
2.147759763888485731e-04
5.108941796349252256e-05
1.663006070653539153e-05
1.442234273616762035e-04
2.652059931504646651e-05
8.175976495399621120e-05
5.152297099875882214e-04
3.564386261493056817e-04
1.564163455336744146e-04
2.324163102049831117e-04
-1.350129775524385204e-04
3.863660092998140862e-04
2.771873190059873576e-05
-1.874457303600822054e-04
4.792504653912900881e-04
-4.248355900098290598e-04
2.584400630385096478e-06
-6.094191578857540151e-06
7.809566301690878053e-05
-3.224017410498334274e-05
6.969220185152924822e-05
4.463409377395168416e-05
-9.144244247292146471e-06
9.953191047359950122e-06
-3.411089667364863149e-05
-6.640004217777272313e-05
-3.071931778559663348e-05
-9.480433872223719815e-05
-1.072459755828386694e-04
3.737402671284074571e-05
-5.309393790255400323e-05
1.742493787353108182e-04
-5.285596971168300337e-05
-6.500452922164811568e-05
-2.279523226197094463e-04
1.788275142361521691e-04
-1.409964652599285417e-04
-6.416332628786455426e-05
-4.533198972033783381e-05
-1.219690570011732760e-05
-4.461389523496965299e-05
1.056809636066197744e-05
-1.839522926124470594e-05
6.518626477704178251e-06
2.078489539445839968e-05
-4.965761393560134745e-05
1.418822360113741957e-05
-3.418502996466730223e-05
-1.972076466298370686e-05
1.119532906746018507e-04
-2.638032572705786014e-04
4.923388824064331209e-04
-7.547663982311396099e-04
4.710268421231826965e-04
-1.677761929565431626e-03
1.533116994708145445e-03
2.697431916077047253e-03
6.189643523596917440e-03
-1.285624120699355806e-04
-6.681143174649362636e-05
1.420884030561327664e-05
2.535608184636644827e-05
-1.670534408954859338e-04
-3.012662339062289452e-05
-1.248798394851384898e-04
-2.820844270847047783e-04
7.764253158142728662e-05
9.261020579093294221e-05
2.637785076243330247e-04
-4.657155068215838100e-07
-1.629585098514220345e-04
5.973503021744581629e-04
2.047570945695415337e-04
4.852901091781991255e-04
6.546672292002959481e-04
-1.757586844983989897e-03
-8.113654424460979152e-05
2.888880556290879817e-04
4.070216073668573610e-03
-2.852075631296387267e-04
-1.278198128127788350e-05
-1.462782531227906122e-05
-2.634487692547314228e-04
3.297198319763836928e-04
5.536132240229725901e-04
1.225450736149573881e-05
-6.888866727238210569e-05
-8.389969715997770347e-04
1.024888986095988126e-03
1.760943116410696244e-03
-1.611512494697856521e-04
-7.560153249163571569e-05
-1.144056258540622137e-03
1.431135056723727324e-03
2.546585469560291339e-03
2.647978322497800908e-05
-4.405426968715909618e-04
-9.468087151612595773e-04
1.127845911449759783e-03
1.537609226968348524e-03
-3.227256113375149508e-04
6.908874403906950490e-05
3.552378235076219040e-04
3.952082253605748480e-04
1.128816088871059751e-03
-4.543824502842370083e-04
-3.643869598410819045e-04
1.380521244133859475e-05
-3.701792559696042629e-06
-4.225180124980608637e-05
-3.340244757811904217e-06
-6.522106208111117106e-05
-8.289839517215172836e-04
-6.532639561951717171e-04
5.388418570321059546e-05
-2.513451639290048648e-05
-2.716226701509234787e-04
-1.267766911011972597e-04
1.241399653578449470e-05
-5.458709549649599230e-04
-1.933441321536231929e-04
-5.094356760225558908e-04
-7.844475134183184588e-05
9.316007268615667696e-05
-8.512333943232178635e-05
5.975886045707856882e-06
9.152044281404944398e-05
5.487445505083516998e-06
-7.766665085730618584e-05
2.231365413803460605e-07
-2.182321229828978527e-05
-1.161639475287375519e-04
-2.079650816996892284e-05
-1.149804274014529611e-04
-1.690768808711984035e-04
1.508119420514511056e-04
-7.016587718678085703e-05
-1.437799345913343834e-04
-6.126031998228347919e-06
-6.008796320854242892e-05
-1.589008708371737885e-04
-7.408530607064764699e-05
-3.498328274090442683e-05
-1.214668447005527149e-04
8.571410638967358689e-05
1.190680051651071852e-04
4.020822520286546905e-05
2.779505429734509709e-05
-3.311630685900413399e-06
-2.349536531474267736e-05
-4.524391110483503073e-05
3.137294181608694878e-05
-1.870040558900379257e-05
1.534003487087705196e-05
4.631218643153030170e-05
1.331719066976144933e-04
-3.291787278558583330e-04
5.744689087192985559e-04
-9.336175110164025631e-04
5.905231488976638628e-04
-1.974309289666799274e-03
1.977056755785095571e-03
2.383910709533824425e-03
7.546425515385486726e-03
3.984409877900965853e-03
-6.656971463396591300e-06
-1.464109502391679769e-05
-4.905510175553931470e-05
-1.215539910498908410e-04
7.307499710521423071e-05
-3.503729035078616928e-05
-4.458345653582365453e-05
-7.917115811424403323e-05
-1.944437605418414814e-04
6.752610811625674318e-06
3.376685545726199565e-05
1.882111843727560534e-04
3.474000473158105453e-04
-4.814387115175243633e-04
2.273263156806096079e-04
7.445336232129133721e-04
2.097957015073734048e-03
-1.332794158652636485e-04
-5.811461691118644272e-04
3.489463961039537387e-03
1.984862594225202462e-03
-1.759060803820886596e-04
-1.519673361119833286e-04
9.911697959833470483e-05
6.598670491578227399e-04
3.610948280727197240e-04
-4.976510048002548078e-04
-5.444975852432988248e-04
2.804853176874434317e-04
2.114498805639831568e-03
1.151821777743876167e-03
-8.008257876785083735e-04
-6.272065329607772344e-04
5.311013888833564754e-04
2.950554268372475048e-03
1.730406790473877849e-03
3.307648460360426078e-05
-7.439101350047559345e-04
-1.588712794840034222e-04
1.996212639597998943e-03
5.576182287064365608e-04
6.595768838425070373e-04
-7.972416749192685502e-04
-1.031864487390850727e-03
8.607133163178851175e-04
-5.118967050476436057e-04
3.896028712077233280e-04
3.725641733871091739e-04
9.474396283332267099e-05
-4.778996691164212867e-05
4.732043456676266884e-05
1.175334779939284427e-04
1.798091700821032805e-04
6.310208624069632653e-04
7.960342678394400143e-04
-1.745670148852747458e-04
2.068057613002283798e-05
3.835052086853226795e-04
3.746882461315230689e-04
1.078175881426120199e-04
2.476428725408170626e-04
-2.270074097345571996e-04
9.356082405235623752e-05
1.351574232159539781e-05
-2.520431167123107405e-04
3.623390418929443830e-05
8.465047325268863559e-05
1.169595599180304547e-04
3.777484951180208443e-05
-7.233760958319253971e-05
6.594056750012159287e-06
-2.695769269626748202e-05
-1.530118284410637581e-04
-1.706923279824553680e-05
-1.120588888616973433e-04
-1.224519451347860376e-04
1.048437794302335701e-04
1.113301268544795700e-07
-2.424992533851264627e-04
4.192184303586819289e-05
-6.814348903132990451e-05
-1.514602922857404953e-04
-1.785177020860030013e-05
1.349004629040781630e-05
-5.527408138524838015e-05
-6.032382018652911117e-05
-8.944727203506690314e-05
-2.552297503665960733e-05
6.223743960191412957e-06
1.709839162761812300e-05
3.711813998496650926e-05
6.356540950972550585e-05
-3.939203684676576944e-05
-2.191686296656333608e-06
-4.448007339556419735e-05
-6.806354769839426230e-05
4.298524344035222042e-04
-1.000562918737197410e-03
1.714041205433201182e-03
-2.469558199317072565e-03
2.054551267893371062e-03
-2.877112594772993689e-03
1.933670687420717318e-03
1.419529478965156702e-03
1.189248778414900461e-02
-4.686760194445299156e-03
-2.703086176572366847e-05
5.513026279207958999e-06
1.235983148998902023e-05
-9.051428853776542500e-05
-1.566967779314225865e-05
-1.088284314078796300e-04
-2.141935626560488148e-04
3.201912384512334471e-05
-6.808651580043206130e-06
8.211290874139082836e-05
-1.021416212760944562e-06
-4.264929936579567332e-05
2.863495965198008188e-04
4.594082444463739126e-04
7.199566167304160885e-04
8.823961321686329441e-04
-2.062677701973828631e-03
-5.743723389691549053e-04
2.692476762428672784e-04
5.406259812523582118e-04
-9.287019471813997033e-04
2.684626759530375133e-05
-2.079431219984115200e-05
-1.951017789575460229e-04
7.859371723919001329e-04
6.991400775587682231e-04
5.043652608802985920e-05
1.063397517580730957e-04
-5.350615134733275290e-04
2.618555652025001540e-03
2.488308094141303099e-03
5.943454869187671767e-05
-4.566779569892768777e-05
-1.133691064072524235e-03
4.456921959414212112e-03
4.030078245249835503e-03
-8.843581381599085003e-05
5.519525328908615140e-04
-6.627788693638921166e-04
1.531998981446256207e-03
9.251965187545375729e-04
5.331700196010216719e-04
-1.327778532613510748e-03
-6.331598713198896122e-04
7.291428163411385740e-04
-1.031110509484738292e-04
-5.894753144449947852e-04
-3.134803632019342269e-04
9.035991888897862312e-06
-3.443170491475805808e-05
-6.885805783796226757e-04
-2.016522466709472043e-04
1.059548757441407474e-04
-2.553559520225995045e-04
-5.172347714502758273e-04
5.791554937888483863e-04
-2.041459528091448471e-04
-8.703614163931226158e-04
-4.814911554526368894e-04
2.086705892911723569e-04
-2.484007558049990648e-04
-8.357534121685420868e-05
2.812867479232944136e-05
1.132656990413679704e-04
2.895305874069384398e-04
3.665596624380977283e-04
-2.544629714786647155e-04
1.048387764299964968e-04
-8.784056956435192594e-05
-1.396271106542988985e-04
-3.471233642419283434e-05
6.141033310206716602e-05
8.377760249268892574e-05
7.794885525024998073e-06
-1.479185542412611782e-04
-5.832096236300043056e-05
2.155621744829951981e-04
-3.306535718198518655e-04
-1.685499798575454053e-04
-2.832545131930692397e-04
2.870419049273020698e-04
-4.005993800410369613e-04
5.071850761631832398e-04
-5.453095337598173165e-05
4.625211324807262849e-04
8.502665355405394259e-05
3.134139238296346610e-05
1.449144201712170182e-05
3.510822992607236616e-05
1.217949067987905057e-05
-6.589773021155258368e-05
-9.369958666773995346e-05
4.404995394363990583e-05
1.777721793297312657e-05
-6.173210823460381480e-06
1.986901441480193165e-05
2.873423359343586737e-05
-7.070641094761297184e-05
1.366507662669961046e-04
-2.509994204472677814e-04
1.015462215385725412e-04
-6.087280422047681126e-04
6.070141518387403784e-04
9.388700368667832414e-04
2.657811324484498673e-03
6.541019818677645120e-03
2.670937438969674091e-07
-5.325329397890131132e-06
2.820648321458339261e-06
2.531181718709940042e-05
6.642429601930199133e-06
-7.463786465750256827e-06
4.806884975282252456e-06
-2.350486436725833156e-05
7.812639511072897591e-06
1.677298867709423885e-05
-8.027882756220647211e-05
-5.893384096048232863e-05
-1.143273258384240777e-04
1.968172233995429607e-04
9.824407825959015003e-05
3.904924499857708006e-04
-9.122513379728881648e-04
-8.525269158194920087e-04
4.295935296540383795e-04
8.700351551531428432e-04
-1.206659809425746598e-03
3.087679184490698021e-05
2.406865532238769797e-05
-7.999755807712758760e-05
1.803293502392007744e-04
2.642791059613824314e-04
1.290351022842699215e-04
6.479456542794350544e-06
-3.525704318344288594e-04
5.497497304112835236e-04
6.418929049905105089e-04
1.442238144887737262e-04
6.804978045308145954e-05
-3.108400117030505282e-04
7.686485792246411548e-04
1.219176936498551651e-03
-1.679328240488380138e-04
6.063501180512286979e-04
-3.465327993329472665e-05
3.140286292383688170e-04
7.310900170931154381e-04
-2.409886115764912562e-05
2.412841271554824011e-05
-6.254159206777535056e-05
-8.553033594907398225e-05
-1.804751294946659490e-04
2.741475855354784234e-04
1.960834833933087519e-04
-2.554966320292072785e-05
-2.490077086698672104e-05
1.175972902860591393e-04
6.413157327577201372e-05
-7.182431147820857740e-05
7.686712281933191261e-04
5.690782345384185143e-04
-2.925817066391774460e-05
-1.663111895695351054e-04
4.493797841096820451e-04
1.301533984507601102e-04
-2.124877408572742375e-04
1.115421555057750968e-04
-2.725658196726255130e-04
3.896304924362534714e-04
-2.207470542238568559e-04
1.781478490152298112e-04
-1.830570410804079615e-04
1.180447839640147282e-04
-8.686815708235269339e-07
1.151040592817261457e-05
-5.596309531683717935e-05
2.772018847327467178e-05
5.475148600161797274e-06
-1.038811022084999545e-04
-3.294541950447052610e-05
-6.929522189597976016e-05
-1.760890331637172024e-04
5.638819117266878302e-05
-1.367908751714326347e-04
1.640528230378600133e-04
-2.494837489711358128e-04
1.775912472451393411e-05
-2.063587386569116697e-04
2.185858270105093215e-06
-6.919011043718987662e-05
-2.094393946552283497e-04
-9.745032828790064507e-05
-6.110358929588243762e-05
5.644333994182332069e-06
-8.021988974508415394e-05
2.999480245018785554e-05
3.662327170415112629e-05
7.329684881415698017e-05
-9.318835423811673449e-06
-2.316707764648329846e-05
2.471466524849621734e-05
-1.156614052550000656e-05
2.251973682983889980e-04
-5.248852114912193941e-04
8.951435219709199826e-04
-1.290072907857971489e-03
1.087967936807939179e-03
-1.471497096796072239e-03
8.285514146551121832e-04
1.361388601694323540e-03
3.114420526731504022e-03
-1.027581555521647197e-03
8.002095466635170815e-06
-6.408753847841514027e-06
-4.577350111913556772e-06
5.563488479483677242e-05
1.281624016585509428e-05
2.874395795350752673e-05
8.653856977323560865e-05
-3.299374075199130877e-05
-3.843383450972319513e-06
2.848992006399100250e-05
1.056738652201377667e-04
-3.834390103695542408e-05
-2.489927802454117004e-04
-2.320613557420546965e-04
-6.112257170014676554e-05
-3.235762226999189511e-04
-4.800436678609208479e-04
-3.946457970076854352e-04
-2.594462740158494027e-03
1.273134172713635652e-02
6.958158375052202714e-03
-3.867583862114222715e-05
3.269290316683493122e-05
-2.030574360113515664e-04
2.769634708213594091e-04
4.280021018069162225e-04
-4.226616352433876207e-05
-1.398137451116477812e-04
-5.963414122904791160e-04
8.450032308061424142e-04
1.354215813025831531e-03
-3.012506205957857838e-04
3.791839317459615860e-04
-1.305190944542705895e-03
1.679820229512910034e-03
2.426307929478547457e-03
4.564571419070016767e-04
-1.327484102911712658e-03
-5.716986371237860621e-04
8.280286215742672842e-04
1.512997165139109935e-03
2.990787574408029347e-03
-7.258175510912625965e-03
9.413107969601490228e-04
-5.959739571564454325e-04
7.025237741027808274e-04
-3.526493287629310679e-05
8.704973325489176130e-06
-1.381225906468730925e-05
-1.086593763490266678e-04
3.692889277769959683e-04
1.567329385692997569e-04
-1.550434278631499115e-04
-3.639328944271906215e-05
-3.481620812118453047e-04
4.828507975987130960e-04
-2.673866784970111701e-04
7.438867665190120266e-04
3.671958783514911060e-04
-3.143105667871692725e-04
-9.724102215283814089e-04
-1.280165089123218997e-04
-5.614106682482398721e-04
8.304476689648654895e-04
-4.922635118269290920e-04
6.501235243339731134e-04
-3.166198722190871834e-04
4.399975891731090858e-05
-4.978457830789074785e-05
-6.598696075341837889e-05
2.644378280770428161e-06
1.339428919598555640e-05
2.028198612314152010e-04
3.766167574882977410e-05
-8.130100520493197121e-05
5.690874196243691553e-05
-5.608666608942450038e-05
9.929445903530720362e-05
1.298536254171556235e-04
1.043317631073421424e-04
-1.236617450000737650e-04
1.754976394833030254e-04
-6.360063458714503991e-05
6.166395492654075058e-05
7.277324513019564492e-05
-6.092912366901326131e-05
7.895312954706178621e-05
-5.111643698277041329e-05
-1.036766796927603010e-04
-3.125586499559496547e-05
7.244531414207025521e-05
1.024737049226086272e-04
1.761119499549705905e-05
-1.020122715952260031e-04
5.358634557627102755e-05
-6.074157221614888263e-06
1.613232373908807908e-05
-3.706846701596983279e-05
6.584314851876865347e-05
-9.411070767311272847e-05
1.040509958219868912e-04
-1.342727227366598850e-04
2.676141875427143256e-04
-1.048793191901185873e-04
-1.473724159290940722e-03
-9.247907873556811612e-03
-2.940742639126849799e-07
1.647986330942057236e-06
-3.495982951690222749e-06
4.423161293368538472e-06
-4.731176410775168440e-06
8.505776625310585979e-06
3.993794213683190372e-06
1.291082793315257151e-06
-1.619488666500655430e-05
-1.689455157156122262e-05
1.372728325034777041e-05
6.418180797389236888e-05
1.818345237286758459e-05
-2.155645629030818514e-04
-1.201919639688456932e-04
3.274221821061733045e-04
1.434274524896869815e-03
-6.985706379956538401e-04
6.581039275034190634e-04
4.265830700603503133e-03
-1.421725398668640403e-03
-5.955535612640604237e-06
3.441411927274902378e-06
1.399738844969665320e-06
1.254415596974195253e-05
4.586872802339839753e-05
8.577405623459753383e-06
-1.454501053811683250e-05
-4.119031699874914663e-05
8.350711702758993862e-06
-5.402787884874677750e-05
-5.771820137185670175e-05
7.253172055711874680e-05
3.017211353568157692e-05
1.112835706716969078e-04
3.389052274699066482e-04
-2.151610031529552821e-04
4.796816265741316401e-04
-2.757161748755266174e-04
1.876753851143264098e-04
-3.572034037031142882e-04
-1.797557217796218318e-04
4.521308473373055956e-04
3.012316201284308140e-04
-5.483864198953081030e-05
3.447644124087263719e-04
2.058427600815371510e-05
1.877985334452741875e-06
2.015806184916009363e-05
5.323551882830882795e-05
-6.055414118760298048e-05
1.720206323620762393e-05
8.929223743645088685e-06
-1.522374762263534360e-04
6.660094924516887067e-05
-2.514310481595804754e-04
5.581423420034681043e-05
-1.795795653627115852e-04
-6.086747470447085982e-05
4.058562035032990765e-05
1.959770203625960875e-04
-1.261174907464366235e-04
2.259403641145468582e-04
-1.027919615415885104e-04
-1.399477783135692408e-04
-3.111299005486023190e-04
2.528020530372937914e-04
2.317131260014791434e-05
-2.749139181240926034e-05
-9.852737803322654899e-07
-2.383939671540885521e-05
5.862097845589206998e-06
6.367833629401990314e-05
5.574200644636071913e-06
-1.898901004525236386e-05
2.039014584078515727e-05
7.021701598978025868e-06
-6.912707648510419713e-05
9.529090170852943544e-05
-1.749884185215036666e-04
-9.044095102586565153e-05
4.877612127491360921e-05
-1.041541774407292437e-04
7.760271783981778648e-05
8.711908991340038493e-06
4.621339363379054057e-05
-1.916183266183045468e-05
5.189483930225616178e-05
2.466514350882889737e-06
5.114295916441403083e-05
-8.869520248692236116e-06
-1.084559797182825796e-05
1.555878628291369784e-06
2.528477917884838249e-05
-8.122803601446436559e-06
1.073293609311790332e-05
4.694959320913211898e-05
-1.208634243691407103e-04
2.102766091282743679e-04
-3.859451397605350733e-04
1.884291640699607641e-04
-8.370217982749878546e-04
7.594896732802927566e-04
1.569474599003037232e-03
2.413195615158022968e-03
5.595051992277158852e-04
1.640946484669293980e-06
-8.145261703578040969e-06
-4.886116453931682004e-06
-1.147066600088665254e-05
1.447757155465087794e-05
7.848962331551772071e-06
7.224875702736246345e-06
-3.280306918319004448e-05
-2.264898627167107051e-05
-8.020144322084227405e-06
6.288341145468918187e-05
1.508844946270706869e-05
6.412771652564600391e-05
-1.062009022059174436e-04
-7.532209429011091080e-05
-2.513773572917497368e-04
1.602123443091584584e-04
5.895531466711891218e-04
-7.890986346592449301e-05
-1.017907961209054866e-04
1.058817991405341133e-04
6.596051681389486710e-07
-6.956148969378052252e-06
-9.056085405301116033e-05
2.812043009950627634e-04
2.840555932634561192e-04
-7.632500991889679443e-06
1.114036064250140057e-05
-2.646207143255690977e-04
8.845004373481697019e-04
9.143993518944912866e-04
8.938858381728211790e-06
-4.092920433454175303e-05
-4.427965269528534977e-04
1.311193549548349529e-03
1.291583822381132170e-03
1.720678310702261871e-06
1.638245902270852195e-05
-2.336397456321972754e-06
6.957861834325263254e-04
1.017657460691941780e-03
-2.694135437216058491e-05
4.500746906303092085e-05
-2.829265222903158629e-05
3.681607696861304355e-05
3.250897658952866084e-05
-4.574884887791299984e-05
-3.713873568906045532e-05
7.568582647632480661e-07
-1.812163798575315660e-05
9.852689720821744123e-05
2.330037634259703337e-05
-2.683582503802959721e-05
9.806125661534267546e-06
1.265574322511231679e-05
-1.630474553348812967e-05
4.503448036108860297e-05
1.157254367358017462e-04
1.023019901821848031e-04
-7.029647966989018514e-05
6.402850724097474550e-05
4.315830134422498847e-06
4.215217546337499571e-05
1.493545035931859070e-05
-4.135831202609218034e-06
8.412324553089366565e-06
-2.221031621198934827e-06
-2.324493752693556225e-06
1.833143644071226788e-06
1.218983141722879174e-05
-4.538639823537644193e-06
9.848211256712457374e-06
2.477498856475240707e-05
3.738687348767173136e-06
-1.679281132397966652e-05
3.649581193667199098e-07
-1.831204794028420583e-05
1.977674631645838605e-05
-7.145903192392387366e-06
3.315024216513784975e-05
2.474214692054143509e-05
2.776899113901226901e-05
1.278963795754495459e-05
-1.121640672739213838e-05
3.501921619106821245e-05
2.070197353572223406e-06
-3.695861059485971957e-06
4.117953091191473056e-06
1.533860517039691826e-06
3.898620766824466698e-06
2.100796118702251604e-05
2.081662026303588477e-05
3.563251631404691406e-06
-4.649570003352739302e-06
1.512742613088404397e-05
-1.081427846522705827e-05
1.431476350490002704e-05
-3.309971021615309598e-05
5.773661511601043864e-05
-8.282622826934107462e-05
8.396283404350870269e-05
-1.079884915126245700e-04
1.757660511794373402e-04
-1.481221172464894972e-04
2.138183844750333177e-05
-2.875098415188475807e-04
2.348865043005132603e-06
6.693826979652274138e-07
-5.014035894972956841e-06
-2.043366685128504167e-06
-1.616963401458643827e-06
1.280785673780157850e-05
1.196282840221074217e-05
5.061189278408137949e-06
-2.005441635410165881e-05
-1.830603622486158481e-05
3.105648310924840206e-06
5.276621708046759762e-05
3.400125176287521137e-05
8.725591094502583857e-07
-1.346240013087672397e-04
-1.320991358102650761e-04
1.002462990671395990e-04
2.993183258316046134e-04
6.256619068014514587e-05
9.581648145639522695e-04
-9.227915187814713217e-05
7.753249363302470772e-07
-7.046136266251038751e-09
-1.022681993689084103e-05
2.235524194126968032e-05
1.786500923717310177e-05
7.281445762014264937e-06
-1.112828780088156398e-06
-4.977584500813953444e-06
1.646479125908712163e-05
3.676466437445487391e-05
-7.032331448639083114e-06
5.193182431212967125e-05
-5.168744238285947904e-05
1.411225060042566785e-04
1.469044458510064251e-04
1.256796735533361939e-04
-2.403539406281203234e-04
4.381377008844960130e-05
-4.882302714822988872e-05
5.655451193837902549e-05
-1.018952750113398314e-04
2.775202520730507593e-04
-2.239851868173475051e-05
1.917351903460521321e-05
-3.908692248048259736e-05
-8.069782437194694355e-05
-5.809134145351433124e-05
9.178090017988564477e-06
1.489755413006280722e-05
1.190337867440177967e-05
2.812723261426275191e-05
-1.344439581863364952e-05
-1.598018125883082156e-04
-7.842609427126509460e-05
-2.519205401774015615e-05
5.321223211268120233e-06
-7.336154298877383512e-05
-3.301175572540559393e-05
8.815145268122962912e-06
-9.875526474101106766e-05
-2.219212826116565484e-04
2.137162163309189427e-04
-1.728905094894003281e-04
8.129641425595689175e-05
-2.298361167699847403e-04
1.081547893288294250e-04
2.032406932402393550e-05
-1.843046930001111900e-05
-9.059574550998075705e-06
-9.652651371506047788e-06
-1.659874660120681406e-06
4.063665374065766727e-06
-1.297274219974658986e-05
-3.107394575057359807e-05
-4.940420214632127826e-05
4.366429481749601894e-05
-7.366303630024577094e-05
3.017432597171160123e-05
-8.017125377921204314e-05
-3.751411255814536072e-05
-2.832599921160329089e-05
-3.313846814992767810e-05
4.284856401692635751e-05
-8.659067690848514545e-06
9.063076868657097711e-06
1.376592775102415840e-05
2.523066355149047371e-06
-9.245929668913458445e-06
1.094013152124797480e-06
6.159102311343944134e-06
-1.146348170648688379e-05
1.635972227429207597e-05
1.259034882127164044e-06
7.694587635783414975e-06
-3.288726031208449770e-06
1.109323245709654423e-05
-3.126748113631348629e-05
6.971934091727956934e-05
-1.883035433031502880e-04
-1.328387981844486959e-05
-4.839380029429091006e-04
3.329764027390855891e-04
1.957653493298166375e-03
9.794895961173204907e-04
2.207789584793460550e-03
-1.903828423793790074e-05
-1.057811143767381754e-05
2.685620129620181924e-05
1.200418512327167959e-05
2.712246390889474365e-05
-7.363801301775321859e-05
-7.811764312019770548e-05
-4.013874533442708529e-05
1.088681135365147863e-04
1.011341308416011147e-04
2.318136817560704729e-05
-1.738114306488951048e-04
-7.877495737818012561e-05
-2.773199264711860229e-05
3.668081145497757408e-04
4.213530807002566604e-04
1.386959881478271668e-04
-7.836680850436186915e-04
1.155046855930976039e-04
-5.590667815733061459e-05
-3.337075772656870561e-04
-4.826198911769491933e-05
-4.411583878689219274e-06
-1.101046306548782969e-04
1.942074657755948029e-04
2.552794528212112119e-04
-1.201993431545327762e-04
-8.302054416225703110e-05
-3.596034473446162714e-04
6.484711058624584128e-04
8.581187929534512182e-04
-2.376266944574467667e-04
3.117015817408517960e-05
-4.808053627703990631e-04
8.834375487451471328e-04
1.196948557103589585e-03
6.552833523246698940e-05
-4.621802466873103053e-04
-5.522331493296297805e-04
7.539619457367867763e-04
7.183854431856619843e-04
9.492396783458303771e-05
-1.789512618744193678e-04
1.346255552715663363e-04
1.702262391653651174e-05
4.376088070482621242e-04
1.139512773649205757e-04
6.616862669913328309e-05
5.143354109919822761e-06
-4.440309993141156673e-07
-2.410014708095334953e-05
-7.527302996494918155e-06
2.583758604003750909e-05
1.055556980276507376e-04
1.759880312508186608e-04
-8.989706096743957603e-05
2.861793257689033884e-05
-1.571206992487353166e-04
-4.455543093393129643e-05
8.692894858004645306e-05
7.604871324910263001e-05
-8.940136925830000992e-05
1.997119747950705764e-04
4.022343171187382766e-05
6.294044551968271378e-05
1.295944373777345817e-04
-9.890626686245160217e-05
1.920757149457054684e-05
-1.609066014239986096e-05
-8.879145606916839353e-06
-8.639711722751082336e-06
5.443446416550771393e-06
-3.574189562175199590e-05
7.502796299605026950e-06
-1.678669908145178968e-05
-2.775948679421604432e-05
-1.794484325229384790e-05
2.776016414476289816e-05
8.260179201863816442e-06
3.234991394330864560e-05
-6.146014841023685635e-05
-1.924009195797258713e-05
-6.554937545146758294e-05
3.506959442651309735e-05
-3.499949533088101577e-05
-1.364633238660996670e-05
-1.248259060161115527e-05
-1.396744457862558721e-05
1.507070907221803672e-05
-7.645438921340640804e-06
-2.138245958960639903e-05
-2.941017996828307188e-05
7.833735822166123264e-06
1.731589460964691032e-05
-9.819105163955975705e-06
-1.919592911215648683e-06
7.567938461738983548e-05
-1.767338480264628981e-04
3.003603622577665400e-04
-4.350320748294208900e-04
4.156968433153869361e-04
-5.086605451003430901e-04
7.634695557878377545e-04
-1.290517080213135319e-03
4.166612150010000175e-03
9.465851494869786595e-03
4.672103620893522903e-06
-4.891663735191910937e-06
-7.718207939939663795e-06
-3.016429597618641246e-06
1.024855978853618609e-05
1.885942289994408467e-05
2.489334953094505759e-05
-1.229210606410560509e-05
-3.189730076507264712e-05
-1.973175920201114837e-05
9.306710426479735255e-05
2.341815612575704213e-05
4.278587752721119928e-05
-1.453274070987147914e-04
-1.464550065793592426e-04
-6.564833900692066673e-04
-3.112495052711192569e-04
1.478417661439310107e-03
2.954052435813869890e-04
1.346557832449689351e-02
-6.699533686771348695e-04
-1.714940841071072532e-05
-1.255787906483197603e-05
-6.574601131326379255e-05
9.197642098942902876e-05
9.127768433029821227e-05
-7.037935495712830422e-05
-2.478368741493079758e-05
-3.892962281732414851e-05
1.359220684219560797e-04
2.483937603393065086e-04
-1.542897506125632341e-04
7.431446748596207130e-05
-4.031961766853004304e-04
5.360883413365438764e-04
4.906436316981178849e-04
-3.720313935986871337e-05
9.238215850436356244e-05
6.647921546215773561e-04
-6.031725054825458126e-04
1.726934891869403264e-04
-7.092937869775637911e-04
1.585234575051245156e-03
-1.947769974364291093e-03
9.623879346077212791e-04
-1.406676908168828051e-03
-2.891915817135367727e-04
-2.288201499839046308e-04
1.230320709370584060e-05
-3.222025911317315120e-05
2.376510842225643258e-04
1.150362245119720028e-04
-1.405152931045168595e-04
-5.098709120200323533e-04
-3.723652470883178408e-04
2.763855692791765780e-05
-1.922616503442105263e-04
3.929839854756075998e-04
-4.844183751708471233e-06
-1.388721013551171240e-04
-5.438213374162699423e-04
-1.535965777517252434e-04
-1.776339130570406852e-04
8.322217141584672398e-04
-4.162794616662532035e-05
1.077296882694516161e-03
-5.429969877977881354e-04
1.521122851045026520e-04
-1.513277843423358002e-04
-2.205770727387210107e-04
-3.276788365299699305e-05
-1.060864388073858509e-05
4.163531410254372892e-05
-4.975833583577437847e-05
-1.264628251125705092e-04
-1.481237663500993237e-04
1.833300052317156630e-04
-2.353869754939022616e-04
-1.577993455165292041e-04
-1.455754234425987487e-04
2.769336327437694209e-04
-3.334512861397787172e-04
3.466722363515558031e-04
-1.932895677137729093e-04
1.534379351792889356e-04
8.375527421272873304e-06
7.449481065638740413e-05
1.023709637243040345e-05
-9.794229488485781609e-05
-3.307069392566584995e-06
-9.672133880520513796e-06
-4.906535282711513171e-05
-1.140990066657554819e-05
-5.279948692622729887e-05
-3.852218040401196846e-05
4.993301267509308282e-05
4.649462910956332650e-04
-1.198834769656668226e-03
1.989338842789897116e-03
-3.463140512536834123e-03
2.053811788687851577e-03
-6.967726495393496665e-03
7.052534342411383161e-03
9.913491620124120426e-03
2.704759304903792128e-02
2.909770129528078150e-04
-1.045519205036834756e-05
-1.390018554368419604e-05
4.501332074419298258e-05
8.312271729191991981e-05
2.504225055248386600e-05
-7.668927542851992712e-05
-4.280976597197795288e-05
-5.126527286671362429e-05
1.913327360002892283e-04
5.223783169436958487e-05
-1.544834238478326092e-04
-1.975037809372553967e-04
-3.241900670534749395e-04
2.962821409398759065e-04
3.333511808474074844e-04
2.188839013203924377e-04
5.633790356927429518e-04
-7.575413185532607315e-04
3.446059721429922326e-03
-1.205973927536173025e-03
-7.526547048514108280e-03
-6.659694534230377024e-05
1.845972013427090065e-05
-7.862135092874190023e-04
1.853517376570767462e-03
2.194488527762527338e-03
-9.010641834336985466e-05
-1.757229538317341729e-04
-2.694421462884129693e-03
6.225892311716513076e-03
7.211352977279694536e-03
-3.853303385146050449e-04
2.971454050301669189e-04
-3.393152474610641994e-03
8.163513750243038547e-03
9.765314694529354800e-03
3.777930413772372141e-04
-1.082727201004206026e-03
-2.508042163108645337e-03
4.777903230126513343e-03
4.712417610492468205e-03
1.256670623267388317e-03
-2.919972117943270880e-03
9.841718933388429432e-05
1.750399920566335105e-03
3.570724603217533162e-03
4.818952168737253923e-04
3.938018797528464112e-04
-1.154062689130428337e-04
7.103534327167594989e-05
-3.219478661721728312e-04
-1.378955789403732554e-04
1.545582541934058599e-04
1.519215604179138118e-03
6.438334421976257523e-04
3.713821455436429634e-04
1.684194777058634204e-04
-8.636573281157744475e-04
-3.926148853459362174e-04
4.505696414100328361e-04
-1.336298539951003754e-04
5.934865005548481702e-04
-8.931182627225756109e-04
-7.949699785505344105e-05
2.710453302267515200e-04
-4.232545954823509665e-05
-2.611635310082703880e-05
9.420590525424715680e-05
-8.030997409583224113e-05
-2.125821788959117887e-04
3.347451605841165957e-05
1.147229092910034107e-05
1.919744330928421224e-05
3.898627769465441039e-05
7.582296067878665016e-05
1.472674226563412930e-04
1.634961872139897344e-04
-2.736989738122363688e-04
-1.346940035675994578e-04
-1.939127518850642968e-04
1.773665365807049196e-05
1.755611773320282071e-04
8.380575056613379591e-05
2.147939589426181984e-04
4.558982793240217487e-04
-1.357621743377507978e-04
-9.763466101911781364e-05
-6.800557957029179364e-05
4.742725987305907836e-05
-4.461953319734695943e-05
2.351887720684529986e-05
-2.655510146334764433e-05
9.135147398033290121e-05
8.705844982055750323e-05
8.309714470172698084e-05
-1.000248762013758485e-04
3.902807852931577145e-04
-9.145339767928259119e-04
1.553059024802391991e-03
-2.270756608625801309e-03
1.851708947698092397e-03
-2.638698007614312911e-03
1.864744820894787252e-03
1.618271596852070924e-03
1.127087192888416578e-02
6.472599740445502542e-03
6.455843696322791753e-06
8.227326696676030642e-05
-1.916537825903136006e-05
-2.902491148103639464e-05
-1.849174643077856244e-04
3.470956367486237678e-05
1.336400625209094306e-05
3.376762352468494770e-04
-7.711574025130239047e-05
-2.200504674499790769e-05
-5.286209090996164860e-04
6.917748280686000794e-05
7.897057376501526052e-05
2.019977096439795443e-03
-3.753635148711259627e-05
3.800271274168748065e-04
-4.737054500724870512e-03
-7.520542389785794856e-04
-4.186956270325898309e-03
-1.010386435542260167e-02
9.224385703219400989e-03
-1.387675021567436210e-05
2.017416893461479184e-05
-2.312226648083357721e-04
6.441826698878997965e-04
7.608251038814692032e-04
1.612309560405002448e-05
-8.407702547955187380e-05
-9.311612196716032930e-04
2.216727866275869114e-03
2.408442909132634847e-03
-2.786251795619314143e-04
5.373100591176690295e-04
-1.447660059843848979e-03
3.685116267007003746e-03
4.130233804039168226e-03
7.098046905375527803e-04
-1.668144536280705050e-03
1.522638431647292548e-04
7.791040809173192588e-04
1.672051802671534193e-03
2.269718329412833812e-03
-5.227931709668413342e-03
2.237748908766847272e-03
-9.862243628732396579e-04
2.198593619057673167e-03
-1.197915172852475956e-03
-9.342556745683509856e-04
1.561499853189352331e-04
-1.682708126623771029e-05
2.508745629640173058e-04
1.095529747050664527e-04
-1.339627207715493812e-04
-1.168582321148674968e-03
-7.720464343834848846e-04
-2.091534043029415571e-05
-3.602790979263062894e-05
6.044277780880831594e-04
2.699756946865111045e-04
-2.891790763183601913e-04
1.593913664542713526e-04
-3.551110816052464544e-04
5.605217995630414497e-04
-2.107117862975820400e-04
-6.580824787145981734e-04
-6.870689089234226265e-04
4.888069100139518300e-04
1.307715321884138197e-04
-1.005862676153420661e-04
-3.055812675004111723e-04
5.123880395389722220e-05
3.433183094443807454e-06
1.915962736264784766e-04
-4.704434749522647412e-05
-1.000783470170599302e-04
-5.186639188497445052e-05
-1.006996512867392400e-04
2.602393500846768510e-04
-4.670617669555210709e-04
4.915998198690786679e-04
-5.228741576293072799e-04
1.726274908558654065e-04
-5.838401417413206871e-04
6.369701442184541769e-04
-5.775774635458896439e-06
1.344964920981022382e-04
1.308019841379585145e-04
6.180439328000150777e-05
-6.693371976817951059e-05
1.197803792120213779e-05
-8.344351142038896880e-05
1.712886782411782036e-05
-1.666804740563677522e-04
-4.498718378746406301e-05
-1.478991540189503997e-04
1.438017978765347672e-04
4.718414492910695968e-04
-1.105262626385169946e-03
1.874811887492640458e-03
-2.734537250502384453e-03
2.279685695990607639e-03
-3.161105122066635437e-03
2.052764521119472552e-03
1.907250252392674343e-03
7.986211285169055041e-03
-7.586059197166973751e-03
-1.132762782024795141e-05
-3.329493448788418611e-05
2.321435064822245176e-05
2.670155008092892456e-05
7.378833436885376407e-05
-5.320628623995026565e-05
-4.420844821243405365e-05
-1.375963169850364200e-04
9.243960640233207608e-05
6.247016404400533877e-05
1.461440397230332551e-04
-1.254168622227478909e-04
-1.629092284039662674e-04
-5.726688350738040785e-04
3.254625226912361544e-04
5.872983876934499486e-05
1.056440122569360981e-03
-7.077402591248069491e-05
-1.160886502818478773e-03
-6.953080002791809690e-03
2.376959968543819902e-03
-2.109338815745396271e-05
-7.375838277758775085e-06
-2.955369207644056363e-04
7.488831040095253770e-04
8.222759252011459718e-04
-6.432935958509867645e-05
-5.288644645275353853e-05
-9.372867118073336268e-04
2.476666064540293446e-03
2.813259052626697083e-03
-2.562140339089495926e-04
2.458729858712005467e-04
-1.885691775835873297e-03
4.628169810028393005e-03
4.975483619423830099e-03
-1.577734538045329551e-04
8.208818459903215008e-05
-3.111094166681294213e-04
1.911419326500404326e-03
2.850491088923473321e-03
-4.832549630677913867e-04
1.078140009134879052e-03
-6.353912171841377687e-04
4.889425692066100369e-04
-2.437237834199964615e-04
6.844963844970736525e-04
5.250166821570788735e-04
-5.698929717511056874e-05
-3.983471176901900719e-05
-3.860076128162411176e-04
-2.673724201839527232e-04
2.388407998393919673e-04
9.099591112003745444e-04
9.214180695894833928e-04
-3.067338379030271327e-04
1.664222924479019953e-04
-3.724554011433767057e-04
2.328824322136344071e-05
7.655739231439302728e-05
6.211533710636146701e-04
6.904447910254798374e-05
3.690768731917139505e-04
6.032743279942219495e-04
-6.099156488069253443e-05
7.875904641999726362e-04
-3.824168121838128855e-04
1.780627160465932655e-04
-1.652737143113818148e-04
-2.882939539832265747e-04
-3.272876301535206854e-05
2.594555782828292440e-05
1.334100796656458910e-04
-3.599074541274447503e-05
-1.602263012661003577e-04
-1.260806794931662545e-04
1.361035787123776825e-04
-6.640328099887485194e-05
-3.960282745835701657e-04
1.397053189877078079e-04
-2.415634918534279724e-04
-1.584440234506141883e-04
-2.559868948794845724e-04
2.765073325372492024e-04
-9.566008996854887566e-05
-4.560633437806605828e-05
-1.147642805288864848e-04
-6.874712045210210683e-05
2.115499035568178300e-04
-3.325114258633997627e-05
1.439537522830614628e-05
-5.369839345356785233e-06
4.737900756186403935e-05
2.821913321310146760e-05
3.377781777165822990e-05
-4.389655272744671938e-05
1.246010564144949646e-04
-2.916196168725746288e-04
4.938591547540820831e-04
-7.178788497819259522e-04
6.500315978320665364e-04
-8.254953631892152305e-04
8.642829726951267721e-04
-1.744025944681844645e-04
1.339780519208842854e-03
-6.056063928842577056e-03
-7.224869775801741467e-06
-4.183566725019401665e-06
1.646392385615154115e-05
1.535177540813574367e-05
9.942262387472132473e-06
-3.691157463459064967e-05
-3.040493000477110581e-05
-1.030913543180834514e-05
6.837271968148981953e-05
2.882644963442437038e-05
4.970689952395816974e-05
-6.912428389712306563e-05
-1.566151018704720771e-04
6.670154569370064575e-05
3.785694116057383035e-04
5.353282788770660338e-04
-8.722563561967169431e-04
-1.266306646568053466e-03
2.713801623560826732e-04
-1.939587588201989714e-03
-6.687899726176001029e-04
-1.143082690562157435e-05
1.212871046783093549e-05
-6.132978054238809708e-05
1.641414782249329875e-04
1.927552098526641835e-04
1.168836191376356631e-05
-5.014608222776968194e-05
-1.761764503247095716e-04
4.356109212299179908e-04
4.838145486615542858e-04
-1.057726116339344479e-04
1.712309002729083310e-04
-5.639181410965043301e-04
1.118623359806291111e-03
1.049792331952112846e-03
2.044999072229540906e-04
-5.134857478154990261e-04
6.973680047451968249e-04
-1.180695666709120282e-04
1.040164416670128844e-03
-2.167316717402767342e-05
2.468648195906443144e-05
2.867746093854929156e-04
-5.803262026138280590e-05
3.794042963243919055e-04
-1.764713715231916447e-04
-6.250552577935442001e-05
-4.834681786613998021e-05
1.032458592667234666e-04
-4.974309254958457450e-04
-1.500729771902019750e-04
1.444627661953455189e-04
-1.139454136785392126e-04
-4.864019924007049827e-04
4.744726634076302423e-04
1.390063002935696638e-04
-6.433967381814725090e-04
-1.937114335781590555e-04
2.020060445099653649e-04
-2.743914023543355817e-04
-2.980926270325233072e-04
1.672787933093777227e-04
-2.762682726135905339e-04
-5.820161963426962170e-05
-4.404993735376466811e-04
2.531191650477395273e-04
3.273087883493424894e-05
-3.886737608941454036e-05
-4.069266519481508604e-05
-2.635667954778844879e-05
5.209881180170092307e-05
2.314502599668716125e-04
3.313383419598700931e-05
-8.858712837497658061e-05
6.815210855208368409e-05
4.762309058714373774e-05
-8.348472567869122613e-05
4.398930503828943436e-06
-8.522810042541499099e-05
-1.261451078451634696e-04
1.151021183495865295e-04
-1.200911502035064245e-04
1.950811081752187534e-04
1.059923538392758838e-04
6.033834989931644081e-05
5.446116278222862722e-05
-1.595463132180720938e-06
3.737075188951256166e-05
-2.120819788353732268e-05
-7.768428426827054081e-05
-5.402574574888432236e-05
-3.087598495552400024e-05
7.078392817472177706e-05
-5.033363448365806432e-05
2.017497918378612063e-05
5.044678773572865193e-04
-1.181961840723821325e-03
2.004793114452174674e-03
-2.926472081788423964e-03
2.403583976117555209e-03
-3.378674231773578542e-03
2.192835732905043262e-03
1.884795622521121330e-03
1.246145135914714965e-02
6.010570297161507008e-03
8.539760671430313190e-06
4.966989798537876607e-06
-1.814879659396249499e-05
-1.391337365719484310e-05
-8.786726233003887729e-06
4.335249628611977199e-05
3.550511231406702268e-05
1.755180683034722149e-05
-6.519312872042388421e-05
-3.331485927483008170e-05
3.690067099021795998e-05
7.540862850568818838e-05
3.562334578741185463e-05
-9.638330411648416763e-05
-1.346515302319754143e-04
4.054930909481949678e-05
8.060967781374616531e-04
-1.275188299438891884e-04
-1.113093312468415403e-03
-3.085147433248831936e-05
2.542546917255772334e-03
-1.088631949470379719e-05
-3.965970339446529401e-05
-3.289171955932371043e-04
8.036676939607702384e-04
8.999744354959541854e-04
-1.157945486270335562e-04
4.364594497202281152e-05
-1.082456734875660194e-03
2.777198606726613648e-03
3.188787514634762541e-03
-5.443168595024902958e-05
-2.393379031260293131e-04
-2.051000194772158343e-03
4.785021631857557141e-03
5.197013078462719288e-03
-3.465583133453112980e-04
6.366480334682046282e-04
-6.919129834891133216e-04
1.707505412858385720e-03
1.920109775240869685e-03
1.030218880915038623e-04
-2.424389237638429923e-04
2.699389066305017421e-04
-7.323456089404668671e-05
3.289783005357617570e-04
-1.161382948382695945e-04
-1.679406916876662308e-04
9.280247979443444466e-05
-3.138798380943548424e-05
2.864185622567646194e-04
1.194195602448749227e-04
-1.127017190565620048e-04
-9.730208152074687001e-04
-2.101406916888492538e-04
-5.124641155694581018e-04
-9.206667857586842444e-05
3.008550528388508538e-04
4.604178418599105387e-05
-1.009254716666715810e-04
-2.356322565171185780e-04
-1.924353087794044178e-06
-1.487979212103947421e-04
7.738270475741274609e-05
-3.171729554125954516e-04
-9.655569568009529028e-05
9.105155929891541511e-05
3.132769277023947629e-05
-2.464124835556432113e-05
-7.717421495186246524e-05
7.039815113188594430e-06
7.580544605951726825e-05
1.748227030019560877e-04
7.314653182987126002e-05
-9.215250172717634708e-05
8.932803371926458609e-05
1.659672014564719659e-04
-2.167629164404409050e-04
-1.774091885328460275e-04
-1.141239646040900627e-04
-1.234776044434879750e-04
-5.346686831801107339e-05
-8.435001180631863547e-05
2.903428511586697699e-04
1.989172155647848602e-04
4.833015419375831338e-05
1.702352319642365277e-04
-5.760531831721368097e-05
-3.117576948557837686e-05
-1.115751348272523916e-04
1.176847902930043000e-05
6.899368299304687929e-05
-1.299504318172361170e-05
4.100545765302045188e-05
4.667503453695724067e-05
-3.718476469198668842e-05
-5.561557727609797892e-05
1.372155022225886236e-04
-2.024001803765395106e-04
2.511384581217160523e-04
-3.675481317913940264e-04
4.098884964363870239e-04
-5.268076350631951867e-04
1.233235799551478905e-03
-3.635647890698880742e-04
8.194750545210678465e-04
-2.962090037730881171e-06
-1.490204478256635654e-05
1.138278323437230957e-05
9.871868613122537555e-06
3.600821978342242351e-05
-2.724087815685655476e-05
-1.486939537637107375e-05
-7.134885181945432343e-05
5.100832191197163105e-05
3.961385473995667091e-05
9.000016953210933097e-05
-1.144922930804358571e-04
-1.075690054830307906e-04
-2.076262840837381218e-04
2.557958340094532547e-04
1.682452524333374975e-04
4.198230419442562774e-04
-4.260459425761584594e-04
-4.874277993645206690e-05
2.011449742489735282e-03
2.224701648183061956e-04
1.914053581802026788e-06
-8.647892879831444083e-06
-2.398480755743517132e-05
4.873136372048376291e-05
3.895341664036976528e-05
-1.754611586844823966e-05
1.406950706664639090e-05
-4.257902712823948780e-05
1.585864184250537496e-04
2.031449598582204315e-04
2.508575943647310374e-05
-6.736723272979011808e-05
-7.972800886801150193e-05
1.218440186656352751e-04
5.894623679780062087e-05
-7.614748219143817364e-05
1.154179297043682697e-04
-6.009234184781292850e-05
3.483983016234731400e-04
5.561384948018780394e-04
-2.901955707533622518e-04
6.308532719926741644e-04
1.150902375529852420e-04
7.672379754299367329e-05
3.146256803576993411e-04
7.897070020964188026e-05
4.341974332155563272e-05
1.086030230158946611e-05
-6.036674850832491278e-06
5.183360620008751969e-05
1.922704844313801424e-05
-1.490839670008360189e-05
1.512548043808464621e-04
1.763399055433360018e-04
-9.201632747365484991e-05
-2.024531803624829388e-05
1.877240507654372983e-04
8.709791581823501906e-05
-6.348030042252310323e-05
-1.270997843356384675e-04
7.099689969679458817e-06
-1.096177114663115420e-04
-4.056168015486160419e-05
2.096562009251246418e-04
7.681594868742678195e-05
-9.024897132617429882e-05
-2.429934662654351050e-05
2.326926769370072975e-05
4.470622680199894317e-05
-1.399486305025118216e-06
8.468027924803021259e-06
4.965254586025601499e-05
8.737511710395728614e-07
-2.258264710527539549e-05
-3.867737265151289628e-06
-4.136950891098653630e-05
3.368655165355815000e-05
1.121689677531852874e-04
-2.313888391177370134e-05
1.248934139912502010e-07
1.104162973969277303e-04
-1.939878813852718531e-05
-5.632947961271337045e-05
-3.280031784592098089e-05
1.682660143197961539e-05
-2.485625689952820802e-05
1.256576015063766218e-06
5.723302312562053107e-05
6.370751477318860589e-06
1.137926543371671769e-05
5.156533712231144948e-05
-2.568992098473095405e-05
-2.145241543854779748e-06
4.811746487742586789e-06
-4.920994352128715370e-07
8.458199327562907990e-06
-5.822100987225049033e-06
-8.401768689402262379e-05
1.511670015409028334e-04
1.862368614334764171e-06
-1.059549392759066458e-06
-2.288354104745919592e-06
-1.113338002734597364e-05
3.250134084676046294e-05
2.227538784454882457e-05
1.533623045225649740e-04
1.799667350496189546e-04
-1.873899072462251311e-04
3.630572785235645283e-06
-6.761516502549815348e-06
-6.005783092805793695e-06
1.097052772754731852e-05
8.604453651135612576e-07
-8.351112256666885092e-06
9.492045701592705800e-06
2.416804998117958161e-05
-3.059541155377861984e-05
1.243808804641876167e-05
-2.367675180170291453e-05
7.661309677005881033e-06
6.792402854136868611e-05
-4.466481425397830741e-05
7.405836782703766931e-05
1.739540853428600466e-06
1.311266340095604741e-06
7.503639706120612484e-07
1.029378819867055086e-06
-4.612003617384081105e-06
2.442570062015338655e-06
4.210908851646274194e-07
-5.371742739172970785e-06
8.066294779907854122e-06
-7.229456260221703387e-06
-7.450290645597820080e-06
1.648100214175347337e-05
-1.100916943159250902e-05
2.512393610547179240e-06
-2.866593555260358261e-06
1.435659614484515242e-06
-9.656560562440797098e-07
7.857398107849723710e-07
3.815604261221871432e-06
-2.924051411079581728e-07
4.246788563001466063e-06
-1.681160115404038257e-06
3.722144387021736224e-06
7.823160678237846971e-05
2.182346508868856876e-04
6.605454064823467093e-04
3.459197707421674418e-04
9.901098390042953294e-06
-1.180349303064937957e-05
1.313509171413522716e-05
-1.024405309547731511e-04
1.099793369809293653e-04
-9.673898738965054569e-05
-5.245383901210747793e-05
2.482606924427700521e-05
2.190351534445719300e-06
1.297859270098346827e-07
-1.479230939627645844e-05
1.506677261580247751e-06
6.237240196211056776e-06
3.217994698484690861e-06
-5.099100323559512129e-05
2.715223433266935812e-07
-1.588290415667944266e-05
2.918360295832173818e-05
-1.023864417463566863e-05
-4.730795626543311178e-06
2.650650664560838448e-05
-4.259474640327759693e-05
-1.511736417172040071e-05
1.528046984357218308e-05
4.876251079501819060e-06
1.019976503190621434e-05
3.795495379644240752e-06
-3.546485294032179275e-06
-2.562090911008276105e-06
3.854827189384325294e-06
3.960091735564598897e-06
-1.578270968369488399e-06
-1.539287511424687853e-06
-2.225589674835210850e-05
1.840461565800755446e-05
5.506998061285404807e-06
-9.751120936072756149e-06
1.431518819680363492e-06
-2.298136872457164479e-07
1.144583049554048531e-06
1.645265715785287827e-06
3.770326462865865656e-06
-3.518666902488870022e-06
3.265614678242009178e-07
3.497783918853669129e-06
-1.447099658593498315e-06
1.444722478844288267e-06
8.224998246046499710e-05
2.294476904858925301e-04
6.619061012576192343e-04
3.216808192918770948e-04
-1.798217366361530616e-05
-5.280023259160705064e-06
-3.493383146102301610e-06
1.483058517129859973e-04
7.075706058938129083e-05
6.287566768134239450e-05
1.363392512682084090e-05
2.251620334039280510e-05
5.455669987868720839e-05
9.469110502137215824e-06
-7.435226519895903082e-06
-3.795320818048571228e-06
4.433315553376448081e-06
1.024111974754092608e-05
1.726862061590486334e-05
4.433235460066530686e-05
-1.209939115404380561e-05
3.681176508327368242e-05
4.326045223257676738e-06
-1.064172488474013248e-05
3.651740984980712670e-06
3.602824894174393595e-05
2.625854710909712665e-05
-2.838767173995815032e-05
7.909624681608973175e-06
8.697196876074818025e-06
-1.256849157088271098e-06
1.341998697595667937e-06
-4.527800534195555036e-06
-9.301459510948311922e-07
4.662519997273345419e-06
-1.285879610071539414e-05
5.965460578993354324e-06
1.027672589277403831e-06
-1.536652364241097548e-05
1.269821390871220296e-05
1.299054520305595938e-05
-1.327615568797268427e-05
-3.229847198947540481e-06
7.722982184941450401e-07
1.254847122094257700e-06
1.094058386767956584e-07
2.130267269843423657e-06
-4.080447101591221803e-06
1.663255461296408729e-06
1.845916631407629163e-06
-2.367585151889278742e-06
1.634196854845472056e-05
3.550587844319823435e-05
-1.288471929926133077e-03
-2.031215743789482485e-04
-3.434221189160710882e-05
-7.447202124375702597e-05
3.165233382218230715e-05
1.423558874552527192e-04
4.296317094192696195e-04
-1.232066886647351003e-04
-5.881130877187206726e-05
4.012433614458298299e-04
2.573252360685140548e-04
-8.568517020033192372e-07
4.678471032269755564e-06
1.395053303855100031e-05
-8.866327598189389453e-06
1.678467516635780992e-05
-3.541382247732024005e-05
7.837106033483007058e-06
-4.997498292853254571e-07
4.978624511309824900e-05
3.366958133676136865e-05
3.079251735888291329e-05
-1.038493540805771970e-04
7.260169288068971799e-05
-6.250439586928437108e-05
8.042259631991529158e-05
2.053488992254870728e-06
-6.203652885637567288e-06
3.555904821383790347e-06
3.680264230553011499e-06
1.615766403973797915e-05
-2.115790432405347776e-06
-2.481026285626687066e-06
3.775626006516909569e-05
-4.122190779693181068e-06
3.486165166030357648e-05
-7.873390378179019047e-06
-2.446720194668812299e-05
-3.068112954857631961e-06
1.883262730569371676e-05
-1.718448665819171157e-05
-2.136289520832678577e-06
-1.279208303197984968e-06
-3.666762877407271335e-06
1.755050368327312562e-05
-8.156219554861424392e-06
3.580618123912594335e-05
-7.754111869475389379e-06
3.175340641587394235e-05
2.042037683906788262e-05
3.719914819427059681e-05
-1.102902730016149533e-03
1.654089087940554577e-05
-4.361118586666632303e-05
-1.711659506521541566e-05
5.359983907463534731e-05
2.176721637669028697e-04
8.486919110754968343e-05
-3.159298534067477254e-04
9.756161759397952084e-05
-1.481023458739703870e-04
-2.341844020395441456e-04
-1.525275593993546768e-05
2.967314892536518559e-05
-2.795350149199508299e-06
4.019078387306141675e-07
-8.926427896274657386e-06
4.484269020293414176e-05
-8.351600037062204907e-05
-3.731413396518409517e-05
7.419275948768123876e-05
1.952475082666046627e-05
3.367978679381690703e-05
-3.277867648804468303e-05
-5.514410820307532376e-05
1.352498560790779664e-05
-5.110706976739699581e-05
-7.178608841615862794e-06
-2.154591495470449982e-06
-2.556530890826730874e-06
-1.731551918831271715e-06
-2.872616506600093814e-06
-2.535155943135598803e-06
8.044227748640619129e-07
-2.124950302923861711e-05
5.886086494669714677e-05
-4.320914136578753758e-05
-3.573901313314298555e-06
-8.632904411281947600e-06
9.655729648754130922e-06
-2.562759816601225866e-06
9.946920078746050308e-06
-3.103465906163427519e-05
2.550809002141351799e-05
-1.924479390021626219e-05
-6.845026362414835466e-06
-1.454736406779445087e-05
1.433530970753557676e-05
-4.298319401223297435e-07
6.962706098371565557e-06
2.209919849349798468e-05
1.435880530195975504e-04
-1.429644158043871273e-03
-1.243919063329134594e-04
3.721903864793680390e-05
1.009991159829431117e-04
-4.628498003262148866e-05
-1.447280460985950754e-04
-5.169186714059076501e-04
1.639881775424898271e-04
2.492635744993487029e-05
-7.106921789563770252e-04
-1.419779346458196416e-04
-7.266342786741475897e-06
8.812201670076449394e-06
5.920171961685615485e-06
-1.627330611684505964e-05
-3.488723497936455646e-06
-2.757885562106759088e-05
2.679506152112545064e-06
2.873535254942819709e-05
9.572810714141720054e-05
1.241382860028857722e-04
-3.524070112907264806e-05
7.896098316473653959e-06
1.044135101512622490e-04
-1.745067084439803112e-05
1.530591308072933683e-04
-1.386618616124681523e-06
-1.054650759753376552e-05
6.509867694003848115e-06
4.500995987220915224e-06
-1.249409523518091451e-05
-2.426702244829433805e-06
1.661207697930018401e-06
-1.673192325727104274e-05
6.783728367680362656e-05
-5.543346708043130793e-05
-9.011818890553920130e-06
1.376825008228864081e-05
1.638352639740988588e-05
-8.413497045960356823e-06
-1.664212218109045822e-05
9.035570228961292970e-06
-6.786884369076246229e-06
2.928457583446361349e-06
2.361801788114861514e-05
-1.696655196716731891e-05
4.506233543756675759e-05
-1.837761952883104491e-05
3.232855779756658548e-05
2.749285219820194986e-05
1.614809718760926030e-05
-1.765045647044061151e-03
-4.320526640150140784e-04
4.795866489180362614e-05
6.984776742460331383e-05
-5.903500660516704918e-05
-2.869577719703999413e-04
-3.049655141035442188e-04
4.237329770701335832e-04
-1.424165658149137209e-04
-6.893786094796238459e-05
2.180415198144132558e-04
4.219557063122671553e-06
-6.319456059192958520e-06
-1.877930138473439013e-05
2.896384196149633553e-05
-7.908818570082366129e-06
-5.974823270957231299e-05
8.563577114333931813e-05
1.070778162708831054e-05
1.491346183319081488e-05
3.033906009114250985e-05
1.260437034774403721e-05
2.187012276735574891e-06
-3.252595394107813334e-06
-3.888308461497039220e-05
-4.768379400037648513e-05
9.015616068002059108e-06
-2.467379948481637630e-07
7.032593900343565579e-06
-5.524916462832567987e-07
-1.141623008532001396e-05
1.892160423688785563e-06
6.118213027126691631e-06
-1.498050789014380460e-05
-9.432121399827889251e-06
-1.009255916508807336e-05
-1.047638259965109248e-05
7.867668211687373059e-05
-3.728799822689779264e-05
-5.117303055438526613e-06
-2.863752508832107058e-06
-1.190948477073636437e-05
2.109036407634234979e-05
-4.846205997622448005e-06
-7.733492723217580441e-06
-2.714401952903722421e-05
2.788167223363010249e-05
-4.453338054359423576e-06
2.506593839605061525e-06
1.723439147455265585e-05
2.198707323388085808e-05
-7.635002364030866323e-04
-2.910493133637302395e-04
3.871730719348849027e-05
-1.210197551595837007e-05
-5.751486899435211548e-05
-1.421416713763642319e-04
1.677120474042139190e-04
2.252239997883862573e-04
1.717108537640849497e-04
2.895686905333991548e-04
-2.897230502613577698e-04
9.543325397169697416e-06
-1.519546837959646133e-05
1.050609796623458717e-05
-3.416116002532880731e-06
2.350628424845270880e-05
1.978755911167037881e-05
-4.274886096362712445e-05
-3.829569176329144354e-05
3.974655718138086954e-05
-4.070426168728755043e-05
-3.321422373458955473e-05
4.849407385637577477e-05
7.298935001961969480e-05
-4.330438828993430120e-05
2.395435719561220448e-05
-9.814766630942728086e-06
-3.852503831542843922e-06
3.081216015925558833e-06
3.549911669941508429e-07
-5.117504907337223124e-06
-5.331962960945783693e-06
6.392378924681167145e-06
5.975008913311609875e-05
-1.388383228180451915e-05
3.542812608542157693e-05
3.491724777083727883e-06
-8.823114405151676406e-06
1.555996640262492480e-05
-1.713461560142183043e-05
1.223146306700538510e-05
-1.458168833788531208e-05
1.346866495754817192e-05
-1.396649359079496061e-05
6.522615458842631749e-06
7.343153504998711301e-06
8.755668283161905388e-06
-3.764679891971393941e-07
1.979587706557614057e-05
-4.450666799143815141e-06
1.203425101976453661e-05
2.228719985551211595e-05
2.907408556295325422e-05
4.015416207975383583e-06
-6.785958535409165146e-06
-1.019581789188236742e-05
-2.610679654173519635e-05
2.554267058967827622e-05
5.624206287885845265e-05
-7.122399415993245617e-05
-4.149288681249269886e-04
8.703993610784315578e-05
-5.337811476656622136e-06
1.285788087084460834e-05
-1.001958916358036446e-05
2.851142023115961542e-06
-1.420166690062119163e-05
1.623713801874034787e-05
-3.760216008917421362e-05
4.777581378664893722e-05
-2.878129265902617140e-05
4.046059745940621029e-05
5.679192457208156650e-05
-1.264404366965121381e-04
1.245327759495567814e-05
-3.278725401980686713e-05
-6.801181647441720287e-06
6.673424175519045327e-06
-4.267817362935278973e-07
5.822501851559752184e-06
1.396578824383931817e-06
-4.806020133167170738e-06
-2.013851107778960393e-06
1.485567683984173292e-06
-1.281632457862541653e-05
9.538830693306544933e-06
-2.074081459812418215e-05
1.363149792115217056e-05
-1.079136364526473747e-05
1.700762035992409713e-05
-7.787315516371686448e-06
2.137065190844666317e-06
-2.223642289261821871e-06
-2.852857401410459235e-06
-1.193355521749050073e-06
3.646543667657753114e-06
-4.887886747875658983e-06
3.117623474333820174e-06
-2.969790154424756525e-06
-4.026179722445288200e-07
1.382134392239004216e-06
-7.430803944104905350e-05
-7.185840579409227607e-04
4.509990479823711650e-04
9.464978592397382400e-06
-2.806063740961876516e-06
-2.574217095897333540e-05
-6.491960058578762462e-05
5.890573739704792937e-05
1.758037445066972426e-04
5.319940298967259395e-05
-1.261308955266429266e-04
-1.671233128685149284e-04
1.490892881880818868e-05
-3.410979505567109435e-05
-2.419963436453111260e-05
-5.452688892021202348e-06
-4.447430680071144465e-05
-1.245474392181947211e-05
1.927427340675986027e-05
9.538095629378871571e-05
2.723291962691035503e-05
2.039384864074168379e-04
-1.754496063050677162e-05
3.183585924221979716e-05
5.308884991453875557e-05
-2.780227807436301763e-05
2.024169783223774634e-05
7.687017633364364098e-06
-7.888359002542488050e-06
1.171834864631354085e-05
3.184573304131543061e-06
1.882043379795780022e-05
1.194006702890029403e-05
-1.106008542772946813e-05
-4.133712909365468504e-05
1.586306198836679869e-05
-4.100019819375118584e-05
-9.259654773818231743e-05
7.582479743031284878e-06
-1.117294547673253874e-04
6.265454589243757682e-05
-1.384553431398330032e-05
2.696780360941445685e-05
-7.422317383171848714e-06
2.912146031592197071e-05
2.310298311179546300e-05
-2.100241117329610117e-05
2.263586187063911298e-05
-2.266039525115459002e-05
-6.808687101658010169e-06
-1.429559552570841912e-05
4.332997597557978385e-05
2.141719116502130768e-05
4.721029399574226204e-04
8.686839480691466509e-06
-5.086146034368750088e-06
-2.070010289094387457e-05
-2.211529115193919905e-06
7.672887100657976942e-05
9.805038675945038830e-06
1.214412733032443258e-04
6.344329102785906094e-05
-2.260781911432787217e-04
-2.615638816781543094e-06
2.619528018415628336e-06
3.598659270994927409e-05
-2.466173378988854539e-05
1.496768261495523177e-05
2.094246381740928479e-05
-3.435265397501947518e-05
-1.356319745500337334e-04
7.612808168934438963e-05
-8.705957562481520949e-05
9.476265403568685406e-06
-7.396206468600718068e-06
3.996457967975374821e-05
-3.283085101977371005e-05
1.955311458178270195e-05
-7.732095930808940504e-06
-1.243798478918819797e-05
9.247769572594582348e-06
8.117184875026710607e-06
3.471514579680757179e-06
1.237850689040678371e-05
-7.891219595013623648e-06
-5.793047220383962443e-05
5.138188877792162899e-05
-1.101530526394131062e-04
1.997197413227541629e-05
-3.327033388399537378e-05
9.275798403788296733e-06
-3.448321935062060127e-06
-1.008609568085001565e-05
1.900785974974165797e-05
-2.053660488922762260e-05
3.056510967942331560e-05
2.729872993973725696e-05
1.676880421426391737e-06
3.584434712690825656e-05
-1.105690678368353325e-05
3.438988100101253187e-05
3.967543442048308362e-06
-9.652395657084094033e-05
-9.743637113606566950e-04
2.570043876672168173e-04
-2.546295428915003545e-06
5.882238814591384093e-05
4.728564466205266138e-06
6.862254339211072132e-05
-3.270723132576664719e-04
-1.538258881298718223e-04
1.588190115343945724e-04
8.510614259937452318e-05
-3.973404758864172281e-04
1.014961688545797074e-05
-2.239821598247075028e-05
-7.628622220444842044e-06
-3.226923623498464708e-06
-2.030653006549698684e-05
-7.337631383604322302e-06
7.814020113327490539e-06
8.291642542149983003e-05
1.581417036189746919e-05
1.785319638825038713e-04
4.391420977778514939e-06
-1.858744958805999450e-05
-1.393369644663063479e-04
9.811311045158646268e-05
-5.062688724013513397e-05
5.576041649231765420e-06
-2.906829236086847160e-06
8.482554339194931466e-06
2.107393658773069360e-05
-2.860153922030654128e-05
1.280349727848843983e-05
-2.801510309332136660e-06
2.946793506031858696e-05
-3.282495343056172411e-05
5.732281798677627276e-05
1.102650007422779454e-05
-1.570737503275975447e-05
7.536887889776272032e-06
-1.312628373504409016e-06
6.446121570809460363e-06
6.098243101093182390e-07
-3.208495629549745380e-05
1.683184482905870555e-05
-8.906600321913865740e-06
-3.535580966119098025e-05
-7.497880266604570635e-06
1.138592880476585627e-05
-1.480830557523762213e-05
