1.111073879566441815e-05
-2.257833719198679530e-05
4.587017032382114090e-05
-4.823039702387078100e-05
5.940794616479291959e-05
-5.329527258779144733e-05
-3.063999768571980150e-05
2.160398879297815500e-04
4.603892369425041501e-04
-2.351585866047226341e-03
-5.349601973177563572e-07
-1.994272683372535911e-06
1.908455012938683437e-08
-2.805922380305722963e-06
3.012788462323729693e-06
5.533329484772836929e-06
-4.534568068501099992e-06
-1.091065479736152364e-05
3.153393724252973436e-06
-1.867141802163528499e-06
2.954961909970904016e-05
1.126218737390737661e-05
8.611880760178087152e-06
-1.176352332822551476e-04
-3.908894842798914883e-05
1.441096096062880686e-04
3.484499115118328341e-04
-1.583766477534813628e-04
-2.200072732771964003e-04
6.805427584538203825e-04
5.017124939490692249e-04
1.226802558971786092e-06
-2.274768630630559424e-06
-2.513760491782342407e-07
8.924544365235274789e-07
8.927408747043792378e-07
-7.517118500494318449e-06
5.031025971541140619e-06
3.996295685896434961e-06
5.985846050218434028e-06
1.053645071591919411e-05
3.209195605816303861e-05
-5.944588059198314598e-05
-1.341537223528643064e-05
3.096424097188320507e-05
2.036276710143205719e-05
-2.397967338992240726e-04
3.982904270044773870e-04
1.877128484801163883e-04
-2.776929146034976567e-04
-3.949080399996251102e-06
7.713944276189127263e-05
-1.455247934406177712e-04
-1.683353047287868345e-05
1.574144719039977249e-05
2.112844000448538023e-05
2.334419483170673849e-06
-1.942132231738854697e-06
2.814541928330771403e-06
3.025937779217224186e-06
-1.263200176967987554e-05
6.124214226978009118e-06
1.954882507518974262e-07
9.768677717519518380e-05
2.298816786101919962e-04
-1.390489222431268583e-05
-3.851598110637751587e-05
-1.194763473890744218e-04
3.823224761198137033e-05
9.832829475562536849e-05
1.955665739298924528e-04
1.122239893909143701e-04
1.100929991258182012e-04
-2.338099395045228735e-06
-1.200737909112930966e-04
7.067737808369404661e-05
9.259546222126533539e-05
-5.654570824094069018e-06
1.362168460241849717e-06
-7.783070378429221220e-06
-5.264303492593380571e-06
2.224026316391428207e-05
2.240685092851487110e-05
-3.349589966767977140e-06
-4.915047003845647085e-06
2.048293626046318540e-05
-1.420065681532801350e-05
2.661688257210059866e-06
-2.327762326641884003e-05
1.258854732653269371e-05
2.087535890019051428e-05
7.192993310690911810e-05
-5.596253437343028174e-05
3.912825560121054150e-05
1.776497815299917500e-05
-7.074770501045712719e-06
1.058957090201427496e-05
-2.268414101971690501e-05
8.181037456940547532e-06
-1.423709258307510844e-05
-4.989452982645989841e-06
8.413011854821346436e-06
-2.000234993098021318e-06
1.895120463512942399e-05
-4.988830929342345578e-06
-1.351042886211630879e-05
4.037050993247421818e-05
-1.004425396209910780e-04
1.858069865094204342e-04
-3.690454407314774921e-04
1.490443596168272342e-04
-8.199528203839424054e-04
9.825602181904259571e-04
2.081484660284897269e-03
2.308395372628824910e-03
-1.420546729118242089e-03
1.727712420541528010e-06
-2.470398726786414789e-05
-9.617584743080612408e-06
3.768415339314291626e-06
6.194078576489620361e-05
1.622205138660432722e-05
1.126669948585926642e-05
-1.094210552410549570e-04
-4.806302228046329902e-05
-4.338078437428511049e-06
1.539854888554220279e-04
4.820854920203492710e-05
1.678218966166186360e-05
-3.293686262287096977e-04
-1.233827675949369181e-04
-2.818485795111149469e-04
6.142582872530946963e-04
5.892618855183659856e-04
-5.205177885650231389e-04
1.547117063998143137e-03
1.081330940809005709e-03
-9.092971998996244871e-05
-3.741075356412374206e-05
-3.620304863884083108e-05
3.979471173292389928e-04
2.974988295376853318e-04
-2.161586084823530587e-04
-2.292280385154767998e-04
-9.381814103675531523e-05
1.211736031408628235e-03
9.667758753052160163e-04
-3.262689066412100794e-04
-4.685474760562332507e-05
-1.400068840428047819e-04
1.287981167175998197e-03
9.058058733224911251e-04
1.385031132849722218e-04
-5.915000276078805118e-04
1.065171879031036231e-04
4.680449420705332705e-04
7.552737513201354365e-04
1.523248856444744926e-04
-3.260886257801465455e-04
7.622076863384595515e-05
6.145951134478144090e-05
2.632881538840718032e-04
6.080501896744169681e-05
3.089630510086786614e-05
-1.023009899878838149e-05
4.306481085493546864e-05
1.249514972361371289e-04
3.648434354957841861e-05
-4.115375357200397544e-05
1.388030882879677085e-04
1.260920690383712773e-04
-2.578073173274944950e-05
3.902696912001256049e-05
3.044991937730900889e-04
1.860014111901183283e-05
-3.988749645724033445e-05
1.540069369618917697e-04
-2.864960705562427765e-05
1.293481905138170387e-04
-2.822384611989213490e-05
1.937610052245416418e-04
-8.091286459713986818e-05
7.109303967830376582e-05
1.490881062963923015e-05
-1.821070845324395909e-05
-1.898402278570219859e-05
-1.347139398214833990e-05
-1.559985313773810882e-05
-1.771931713667883023e-06
-1.067791195910679873e-05
2.278041313879199830e-05
1.017456864986384661e-05
-1.670392706259336858e-06
1.579946098889789943e-06
-1.092478821837949336e-04
-1.693984836856980003e-05
3.272749151651608678e-05
-3.899679282242154830e-05
6.591649910257736580e-05
-9.700454114187062051e-06
9.395952411010806882e-05
-2.278822777944156829e-05
-1.991214773920675816e-05
-6.395909427242370466e-06
2.064260641783130463e-05
8.685601326278763042e-06
8.933351543817680685e-06
-7.582243198631460745e-06
-2.109231572428233760e-05
-3.941923909269878800e-05
-9.082026247875816459e-06
1.304668983290942828e-05
2.669898585353632729e-04
-6.214624702247724571e-04
1.066287446651708421e-03
-1.538183770914270830e-03
1.212983386721194724e-03
-1.797122470944401704e-03
8.321552068686633710e-04
2.343824294834888702e-03
6.425725469857674656e-03
5.084686957342224312e-03
5.504370763758684985e-06
4.323528918128986451e-06
-4.647378543945914254e-06
-9.215685305622117827e-06
-8.377031415751528859e-06
1.692033623439951533e-05
2.447399763506235751e-05
1.845873212892893219e-05
-1.521489048452183286e-05
-5.059865247104074377e-05
2.095177442932250883e-05
7.003065245739839009e-05
1.418157986924504436e-04
4.465433539870706099e-05
-2.271983319155585846e-04
-5.430229409148341034e-04
-3.572014948654357635e-04
6.808665879937622102e-04
-2.543539978635375037e-03
-2.930409585088692478e-03
3.400194786539591750e-03
-1.166011392977461933e-04
-7.305914174072562187e-05
-5.544121056689361294e-05
5.759180444107536365e-04
4.351532232879007280e-04
-4.084522174061773286e-04
-2.893642708941746760e-04
-1.696024021861313293e-04
1.995573583370574122e-03
1.561603932377827672e-03
-7.015317430951125994e-04
-3.463903333000352717e-04
-2.983325399917166544e-04
3.227884933204461064e-03
2.445405535155450658e-03
-5.953005294078693183e-04
3.648445467381196947e-04
-2.192997334178134895e-04
1.539876323041851434e-03
8.726810660063188344e-04
8.863016727117511420e-04
-1.301659587115344338e-03
-5.880578898343886930e-04
4.304234254643659230e-04
-1.851147484715885032e-04
-1.954751631332741363e-04
-1.661221821910706267e-04
-4.560974999300597594e-05
3.264190120392208197e-06
-9.756263215118632208e-05
-2.688948626249820290e-05
-6.856793003873688341e-05
-3.858011770696893297e-04
-3.830454528996436129e-04
7.540996847942371488e-05
-2.522779173240307250e-04
-1.194663308558812097e-04
-4.044522553772983788e-04
1.658043739721416928e-04
-2.466804288306337530e-04
2.340590515538078296e-04
-1.985043535088016947e-04
-6.379669023309843018e-05
-2.603718212276831512e-04
-1.389146545685251913e-05
7.491857986344831752e-05
8.262042193047308214e-05
-2.427688174215111456e-05
-1.075171708090700884e-04
-5.066068121234012372e-05
-2.257784071326019565e-05
-5.670058754961757697e-05
-4.649339955408387502e-06
-2.302354056243112394e-05
1.896027679947478122e-05
-1.140993607896952723e-04
2.971910291138916711e-04
-5.379572967687956675e-04
3.598065415324430780e-04
-1.868320220083791985e-04
-1.671677333510692906e-04
-5.001331003569916417e-05
2.712478459134019478e-04
-9.787047157013784786e-05
3.791022276688933441e-05
4.188966953365291681e-05
2.369970536743365964e-05
-1.606857002552990359e-05
-1.719916630348204884e-05
-5.264138961799895044e-06
-8.714381945058042924e-06
3.505118633179643502e-05
1.591177187826437308e-05
3.680309672635616574e-05
-4.647245129922889690e-06
5.135571760197769632e-05
-1.177927035015142993e-04
2.036620281891480806e-04
-2.822655806589666780e-04
3.167575406465742522e-04
-3.244119636336921368e-04
6.678468349363461242e-04
-1.296805943160531062e-03
2.315027407211358700e-03
1.657363712104956621e-03
6.871996050111209799e-06
5.521198988768844926e-06
-8.983426310902212249e-06
-1.308398728006364608e-05
-1.276086606964192448e-05
1.800442599926355337e-05
2.766265879032356667e-05
1.736741887833458058e-05
-3.448200656028488727e-05
-6.275797701088130535e-05
-2.162008376767404085e-05
8.243698473851448084e-05
1.051784533788633979e-04
-2.177567682668990595e-05
-1.309699114251682873e-04
-4.990845191402491342e-04
1.960059953136244516e-04
7.075363357849365686e-04
-1.484146050262289546e-03
-1.944243277984323507e-03
1.751283901530306534e-03
1.050378633995685566e-06
-8.588788146573071814e-06
3.987591830824839793e-06
1.881091468762037560e-05
2.233093548576718719e-05
-1.120506895877283702e-05
1.523311181806133386e-05
-8.254567206288620091e-06
3.225002864947195281e-06
-1.100339555342082443e-05
2.177129414198757017e-05
-7.879413736111514938e-05
-3.098824987372737007e-05
1.659140858887677209e-04
1.102915529079600220e-04
7.265424606513524010e-05
-1.183900320746212757e-04
1.652280004414068235e-04
-3.614666960428497794e-04
-1.672860621577271776e-04
5.661529759137230939e-04
-4.924150345486835289e-04
-7.034283379288308342e-04
2.327743429334352206e-04
-7.535057234104780219e-04
-8.202065992300090310e-06
-1.633106837618123611e-05
3.375477281208986427e-05
-3.489600461165231365e-05
-5.375578864808280242e-05
-4.438927766239190352e-05
4.766810135294618242e-05
-9.860720035083778070e-05
1.794908744999229647e-06
-1.206805437093059612e-04
2.664532343217371625e-05
-1.780361467061760848e-04
1.365581413243977167e-04
-4.637580705627729241e-05
1.273811470743490702e-04
-7.091578012378186095e-06
2.170405809860855983e-04
-9.557446003703024256e-05
4.627560590738090895e-05
-1.518292644885912653e-04
3.047738085246976501e-04
-3.451223934302105362e-05
2.473416963021902792e-05
3.080503757503320737e-05
1.634011613255756973e-05
6.051113098010479073e-05
1.045159529751623224e-04
-4.539104043348231332e-05
-1.043565065181383065e-05
9.624036685364931946e-06
9.652988392359452641e-05
-1.627246844593385408e-04
1.876054373228916623e-04
-1.666782933819464959e-04
6.703449756875554794e-05
-1.780742470778902821e-04
2.078214525310328705e-04
-1.984725564343068271e-04
1.298451117047474089e-04
-1.482333409599358376e-05
2.654184237813145096e-05
-3.311309712089074953e-05
1.868977870115357375e-05
-5.911751663215369370e-05
1.352036619816098852e-05
-1.069018084500998527e-05
3.510566005391748475e-05
-3.232522142439758870e-05
3.520291823309514305e-05
-4.574840231123028560e-05
1.319210763258090759e-04
-3.077160566317791064e-04
5.320171888316778050e-04
-7.764834794185461074e-04
4.906639824262165649e-04
-9.472749749542578538e-04
-2.700744304950768453e-04
3.800215189976833326e-03
6.376631868527298051e-04
-5.399107862132917351e-03
1.926250691739945588e-06
-1.932751188713177594e-05
-1.623531419621682058e-05
-3.116449798484865823e-05
4.788022726313588415e-05
2.386891174817427631e-05
-1.157968906459966248e-05
-7.631301222238723195e-05
-7.222684980962548382e-05
-1.887986551834061220e-05
1.722091738514184948e-04
9.769983070164850155e-05
1.097529662582082138e-04
-7.967202672060463538e-04
-2.019206399481523768e-04
1.831684205202318552e-04
4.282826689534709706e-03
1.010105912344078398e-03
2.995686291189290570e-03
3.241338305994411525e-03
-3.914135798778045454e-03
-1.094058643584532882e-04
-7.070202829506404740e-05
-2.417421469531428414e-05
4.223037709146766714e-04
3.748728603833319608e-04
-3.292986941064628484e-04
-2.191593189532211683e-04
-2.106997976363028018e-04
1.501901548426536320e-03
1.058516799705991763e-03
-6.313864957926292303e-04
-3.680613152204216358e-04
-1.855524921685667943e-04
2.453906851456604931e-03
2.068055172462790210e-03
-5.739938268539659027e-04
-1.558591195379985857e-04
9.931879056777038160e-04
1.081217035672094604e-03
2.637789631306000724e-03
-1.042407920687831932e-03
1.643167114702092074e-03
-7.529423289808413093e-04
1.287103997874487413e-03
-7.386875259612676187e-04
1.379508421447174786e-04
1.177950616929989011e-04
-2.951998231338175601e-05
5.496045241939335991e-05
1.384816999632476327e-04
8.598010984389538639e-05
-3.587052186121398537e-05
-9.783860920556729332e-05
1.831590323988304574e-04
-1.749498847068279607e-04
2.717407970845444088e-05
6.839317080794548600e-05
2.859671514635237315e-05
-4.857852129242581251e-05
1.112922814896732769e-04
4.168106006537767054e-04
-2.405549943829128721e-04
-4.661851813986357868e-04
7.198390198988403920e-04
-6.661986837901280427e-04
5.352736435663372214e-04
4.159928533159236933e-06
-1.001309661078962369e-05
5.497478212087729871e-05
1.373749840290440598e-05
-1.933597346915290325e-05
4.000040732965996120e-05
-5.211428816164702626e-05
2.582224444266855118e-05
-4.664683015596142278e-05
-6.951651403466628414e-07
-3.555022073504681475e-05
-1.128073140877476140e-05
1.057773571954294579e-04
-2.815649326889000065e-04
1.407512899218118943e-04
-3.516849419186096810e-04
3.166908887603486875e-04
-2.116068660265389267e-04
-1.950620205831238592e-05
-7.894145794009928155e-05
6.855490468380908927e-05
-5.647773235535741683e-05
2.858025380242399727e-05
2.639025757114746496e-05
-4.403396337209138664e-05
2.751100678083261998e-06
-8.361131561879703083e-05
-2.152303219536035642e-07
-3.864717330009134829e-06
4.610447627595190247e-05
-1.057817577985006630e-04
1.919766651592662689e-04
-2.783520108259054872e-04
2.948577758617599697e-04
-4.404174872652310072e-04
9.494543339867686548e-04
-1.439765370352616815e-03
1.434758649003614909e-03
-1.076218117543655158e-02
-4.226516275091253358e-06
-2.056362850796984013e-05
-7.230406062923686907e-07
1.830126681844250285e-05
4.807437221323535226e-05
5.839301112388674568e-06
-1.723483390986959177e-05
-7.074003852917063460e-05
1.223518877648349670e-05
2.632454531439498244e-05
2.192987517172130399e-04
6.170639274324983634e-05
-8.604395348690073810e-05
-6.195413047188532687e-04
-1.552783196297078869e-04
4.533879287984552212e-04
1.249584198321249378e-03
-4.470975759643531209e-04
4.645314360157801908e-04
1.115300934700858351e-02
1.487836660506041114e-03
-4.131949794067858039e-05
-2.215679334786899555e-06
-1.117302186544735073e-05
1.499774182304038452e-04
1.238404883408816012e-04
3.093888629864755202e-05
-4.793754528300208598e-05
2.619928993540363878e-05
3.369948359005708134e-05
-1.370264223910162565e-05
-2.636937842513460586e-04
1.465897824423858041e-05
-3.612559958506531709e-05
9.544054607046859560e-04
7.450469096285196107e-04
2.081417947687041591e-03
-2.312300117552291024e-03
-1.566509110747176838e-03
2.339507414012940306e-04
-1.825076873942291494e-03
-1.537289982222356244e-03
3.123762942573497532e-03
-1.813599857518672547e-03
1.841375819749978965e-03
-2.445364675537758329e-03
-1.743022606415905442e-04
-2.764855896811585913e-04
1.387055936861875398e-04
-1.704710209321143061e-04
-4.159136857775408338e-04
-1.793972434623309199e-04
1.977109105088294952e-04
-4.299832706405313544e-04
-3.866531571843809484e-04
-6.460479688907791202e-05
1.029078086796364071e-04
-9.746430870206082477e-04
2.402688167837258569e-04
-2.069618871942443931e-04
-9.800640067573736323e-04
2.749198680404309723e-04
-1.072156026360992056e-03
1.588332059511661032e-04
-1.105499615465384841e-03
2.583565797202287489e-04
-1.249685692451399442e-04
-2.327324939721106187e-04
6.789876868910204178e-05
4.325399335805877417e-04
6.332979885230544874e-05
2.213902782813235960e-04
3.062864539384038622e-04
-1.236719275497609591e-05
-1.560185738412393471e-04
-3.360087079978955931e-05
-6.073763264278285272e-04
2.688063667435531298e-04
2.013291056219883518e-04
4.070596043281169882e-04
2.122165481209184067e-04
7.480296470317662901e-05
3.863770950064080454e-04
1.769404252494374396e-04
1.192398880851313958e-04
-1.690391827800186991e-05
8.191325677693464882e-05
2.324906827095519755e-05
-7.108601948394279650e-05
-3.511614492194477266e-05
-1.164475167048425189e-04
-1.083258772105041803e-05
5.529250652957817947e-06
1.041697537673640756e-04
-4.452818760378955671e-05
2.144572584491427939e-05
2.075496131597374082e-04
-4.822896445087019451e-04
8.404120473764355821e-04
-1.220487602471621988e-03
8.471647951365108556e-04
-1.561227022679150976e-03
3.170360200060681234e-04
2.817916415792643542e-03
4.269713202714840207e-03
8.279080342860919636e-03
1.564676240569047897e-05
-1.362287065405409756e-05
-9.122779774369200309e-06
-4.975623249182858540e-06
3.603236510760982530e-05
4.367823641021440037e-05
8.113573879613904076e-05
-3.966986076991342483e-05
-2.058075074632791039e-05
-1.030528943196846618e-04
4.921745929435686692e-05
9.571720861476827407e-05
2.189936475604490381e-04
1.528826057367420603e-04
-4.456977386245011331e-04
-1.370427985643838699e-03
-1.058028067165121258e-03
1.417670193067860959e-03
5.537157075822675412e-03
-3.689999017882807444e-03
-9.541756900903855185e-03
-1.292608882891564703e-04
-9.054834765423549244e-05
-4.460537554089957660e-05
6.222790622781062793e-04
4.370212415431452965e-04
-4.656869530647755233e-04
-3.293679721930583768e-04
-1.049124833749201697e-04
2.243905967867389564e-03
1.663461356835807623e-03
-7.864195588977358244e-04
-5.804822753670582603e-04
-1.443657775830518798e-04
3.677312031262785184e-03
2.793956063004248303e-03
-3.548330595788482390e-04
7.542698447600591706e-05
-1.505102195035650956e-03
2.999666272971628165e-03
-1.777662776034889347e-04
7.272816704065211820e-04
-1.979632167361309539e-03
1.879657339867195440e-03
-1.686387517129837779e-03
2.286968287384683225e-03
-7.542278727147264680e-05
6.013553958947911570e-05
-1.184651161089164115e-04
4.934086078822014741e-05
5.027380518952939535e-05
5.865550435721820740e-05
-8.605294423156803799e-05
1.530357891570120234e-04
-2.327159234429218581e-04
4.545848676263958147e-04
-3.783851560849789430e-04
1.877290901367531550e-04
-5.419673928783776953e-04
4.493609291114505845e-04
4.223915225800890533e-04
-5.999436972498516313e-04
2.475287082299998799e-04
1.196274933147957334e-03
-1.959501489741465692e-04
1.322334326502104746e-03
-1.089706725076584675e-03
-4.780920305409833870e-05
5.506698373406219792e-05
-5.302246830751915544e-05
6.380883607528454906e-05
-3.492882164105518006e-06
-4.429385245404953796e-06
-1.014957567494992696e-05
5.922001228210873274e-05
2.111207576028688329e-06
1.102534149528722641e-04
-4.532905727972879727e-04
1.953605031439242291e-04
-4.566475684021604293e-04
-2.259473907232563178e-05
5.038852983989893061e-05
1.257029899521935944e-04
5.279848007508950266e-05
3.875243861441742379e-04
2.985717215837552464e-06
-2.628274547074568030e-05
-4.694952201953278494e-05
-4.265264048161913397e-06
-3.940840478844726084e-05
7.973906233983673317e-05
9.860408541357897709e-06
5.667881109202066355e-05
-1.304227518280992742e-05
5.811250551546001967e-05
-9.843263394781928384e-05
4.831181672961355815e-05
-1.111839959613444254e-04
1.923010825366018486e-04
-2.696126280110451513e-04
2.922847891978312402e-04
-3.178092520963608282e-04
5.844804737245725508e-04
-7.404209613816888731e-04
1.601724168427248176e-03
5.047022136145990932e-04
-7.123406711723943548e-06
1.196082864938946994e-05
1.822227879511104714e-05
1.904740359487461156e-05
-2.796293393268257750e-05
-4.046622108154996695e-05
-2.250468678439255000e-05
4.256600931039661604e-05
6.260612146484973762e-05
4.505412171281438692e-05
-1.183842759247667558e-04
-1.157423831268985105e-04
-3.281047129843848715e-05
1.607757429562749435e-04
8.052947284690377687e-05
1.054430717817358287e-04
-9.473564675193117852e-05
-1.964646862844774701e-04
1.518887949399470947e-03
-5.142600747223973444e-03
-3.247811091904071346e-03
-1.068259926839633212e-05
-6.855308730981934319e-06
-8.541820817164803519e-06
4.961224260932074748e-05
3.087712133062188273e-05
9.156848178340440544e-06
-2.258071933218038318e-06
1.520408217552339190e-05
6.439732875457812282e-06
1.382579023273668655e-05
-1.117202790350885135e-04
3.207202436165264937e-06
2.367268389922146744e-05
2.646916824834498038e-04
2.692766775219612653e-04
6.143919732494981844e-04
-8.413088290910655798e-04
-4.359880333920394596e-04
2.412427968115185594e-04
-3.243517285569410798e-04
-8.266622303776543796e-04
8.532303606597074633e-04
1.368644264370751009e-03
-9.618885151665223327e-04
1.267660970596079083e-03
1.095932826050233054e-04
9.330659599673452650e-05
4.025750639925744506e-05
-1.069520233012249482e-05
8.310138132415857205e-05
-1.247916219992635386e-05
5.603332351066987613e-05
4.131214313616275334e-04
-8.554700604010472215e-05
2.448388793705247378e-04
3.324601900867527873e-04
-1.498072040746760598e-04
4.283783327766837426e-04
-2.025672165715799381e-04
-1.298865157729244338e-04
8.739291580691279510e-04
-5.724440124138682967e-04
-1.542094874798369199e-04
2.145493937051927370e-04
-5.676191531663679634e-05
7.195219538817335136e-05
1.423584537768730699e-05
5.307801828678080378e-05
8.868016004198014111e-05
2.657879662665550249e-05
8.168939990969492155e-06
-4.051560475304672685e-05
2.687744544091606108e-06
-1.190802134594429434e-04
-1.165773459107554349e-04
1.009456213269654398e-04
-1.852753607642230104e-04
1.202194658195178688e-04
-1.060382505255963518e-04
-1.602544867551109907e-04
2.242474551848040027e-04
-2.918483264124581943e-04
3.195813770610211749e-04
-6.933660031537541423e-05
-1.224344753126379497e-05
-3.913359555369183817e-05
2.923148395765599877e-05
-3.684400326490417711e-05
1.625142771716555303e-05
1.764714671577204866e-06
-5.352248877393353136e-06
-2.237735675222565388e-05
-8.583981865604967094e-06
-1.121281937055310340e-05
2.604083032581161213e-06
6.347155460299665729e-04
-1.628334371104673628e-03
2.747888779797524276e-03
-4.821755010296186264e-03
2.653351922376027093e-03
-9.768185180947890761e-03
9.038247620113331465e-03
1.874968889929922236e-02
2.999601313482373743e-02
-3.006586726643028194e-03
-7.017666345132202480e-05
-7.121520307318431444e-05
4.158970743578383504e-06
-7.614436022729579537e-05
2.429781170809690554e-04
-1.514861862960621469e-04
-2.748795007290543661e-04
-3.479847348948175473e-04
-2.296942530974026281e-05
3.823300240448342189e-04
3.484373025148087199e-04
-2.121278708882204226e-04
2.405235338719085420e-04
-1.813021457044977766e-03
5.743184232615772484e-04
-6.728921497157223713e-04
3.365789351634237894e-03
2.651848520480685947e-03
9.539661282255680694e-04
1.837056651304764740e-02
1.491578918960323550e-03
-5.796975410549826124e-04
-4.584584749890581435e-04
-5.948170904750979884e-04
3.407930574574816532e-03
2.750653803634631970e-03
-2.142429549465379394e-03
-1.018820893052233651e-03
-1.630218189871075795e-03
1.077961861558088090e-02
9.254838603187470064e-03
-2.278070808496497710e-03
-2.335126160794434927e-03
-2.904791375670711003e-03
1.525019840403952706e-02
1.203180758648486094e-02
-3.014399578563020047e-03
1.180025664805732294e-03
1.323722146743683823e-04
8.125315488360741745e-03
9.120950005030381558e-03
-1.909972820974957953e-03
1.882531214744871196e-03
3.201292906251430349e-03
2.842049057194490167e-04
4.561632643135218185e-03
9.438355160076704765e-04
8.777431501168545501e-04
-1.078565661730247554e-04
1.576388641896929888e-04
9.432278719411854194e-04
3.254946411076610566e-04
-9.070038734490804271e-05
2.430896083274930886e-03
1.862786395606864497e-03
2.955976956415869595e-04
2.832593170940566935e-04
9.195825379465509715e-04
7.757199716043556908e-04
2.430453704939022149e-04
-6.183104145158776306e-04
1.167795192332513965e-03
-1.438644466245979966e-03
-1.891582419144082990e-04
-5.416766450233229981e-04
-2.709929267921497623e-05
2.170951842119756643e-04
-2.569666573856016489e-04
5.976437976714043457e-06
2.434861077332728841e-04
2.924250888043098391e-05
1.316836524952844805e-04
2.162145773136789589e-04
1.124455276496254746e-04
1.503409171936626000e-04
2.156468897988836645e-04
-2.074361070145737136e-04
-3.050827987393283985e-04
1.984251091210565495e-04
-3.615134507162306337e-05
-3.568505280727237057e-04
3.938509289107675927e-04
-3.043473926811920386e-04
8.955217350538569000e-04
3.302072961436150608e-04
-2.025350537301663916e-04
-2.613391416393488764e-04
-1.202114506766827046e-04
4.572936994109396872e-05
8.734036992111335448e-05
1.838883663448618138e-05
7.142705643657381741e-05
-1.429642402359963338e-04
1.168438238369104128e-05
-1.761921268249911114e-04
-4.595789837180033874e-05
3.927765736790938753e-04
-1.004252419146745923e-03
1.733355128213661051e-03
-3.098692350829270695e-03
1.581135023465156039e-03
-6.518086886005365621e-03
6.108355530941987632e-03
1.255781668761938100e-02
2.148059825517967258e-02
9.841061383254441977e-03
-2.982033499395358626e-05
2.556309545793861417e-05
-4.197514079721739811e-06
-1.150837142671452492e-04
-8.434132246839856606e-05
-8.750228822159935487e-05
-1.338465791548493688e-04
1.351360637185143262e-04
-5.357047559498918456e-06
3.047632653519949503e-05
2.080124477618259214e-04
2.045012782976695764e-04
5.459421329729947014e-04
1.466004186656092736e-04
7.461150887631315236e-05
1.358096120685886457e-03
-4.124657959763464827e-05
-1.889687105049370382e-03
2.236343740249072717e-04
7.337677838017103542e-04
1.006685059654501799e-04
-3.754636491833695296e-04
-2.973861411020588719e-04
-4.389744039986113815e-04
2.360026035316732055e-03
1.928338559884596728e-03
-1.435950494849250842e-03
-7.108515015556109281e-04
-1.114424347722105810e-03
7.433374338321953323e-03
6.358008145518401211e-03
-1.578293496465082730e-03
-1.575920882417446807e-03
-2.044204888745092263e-03
1.053954301021808523e-02
8.536496254407823989e-03
-1.458284688523468504e-03
-3.236839363834976072e-04
-8.699374190897802292e-04
6.196287220176331136e-03
5.217731643732768237e-03
-3.102534013345478151e-04
1.902781349359341405e-04
4.484816146085280025e-05
3.616910680226427251e-04
8.000096531109643621e-04
-1.028084867864627674e-03
-9.556880648444561954e-04
8.775195657051774979e-05
-5.612386926186594294e-05
-9.440468243548027702e-04
-4.443597286221623527e-04
7.404441151915064942e-05
-3.143751945723463267e-03
-2.511333616200823581e-03
-3.103088081828505825e-04
-1.627748032776704787e-04
-1.624790576951607238e-03
-8.878920036199408703e-04
-2.259373847603728428e-04
-8.893032108780551774e-05
-1.441724213325870554e-03
5.916086184893573630e-04
2.836011365660579117e-04
2.730632025941304207e-04
-5.430698306200298838e-05
-1.983582759327315120e-04
-3.446287534934486057e-04
1.208508163447662777e-04
3.736857708199129010e-04
6.751566518478970284e-05
1.536847795728661821e-04
3.670404271640636249e-04
1.153991638777287539e-04
6.021778096700331590e-05
1.999429576979953611e-04
-3.950801937271609596e-04
-2.131174372282772917e-04
6.033979521923799397e-04
-5.142645963133124439e-06
-1.010420963091685658e-05
6.182661038687058651e-04
-1.860254326852086345e-05
7.032540853028302827e-04
5.816188560600546583e-04
1.770321952394483963e-04
3.010895444553276005e-04
1.660748372481366745e-04
-1.390321401061966975e-04
-3.721699469180476423e-05
-5.685565867166640045e-05
-1.629332779744171729e-04
1.379573346263604690e-04
1.851556304861506113e-05
1.347789974194964181e-04
1.048031059376175575e-04
2.949212887893677085e-04
-6.863291953335873665e-04
1.183892667970114091e-03
-1.716151394236714849e-03
1.464377231517598275e-03
-2.131637991581828828e-03
2.293754627756656398e-03
-1.645170301378361772e-03
1.089961869515727877e-02
1.009513244026565004e-02
4.168075695145194562e-06
-1.167385780098595521e-05
-1.482233521048461040e-05
6.488658640171796194e-06
3.020822119977907403e-05
4.377208661610742103e-05
4.242084566187502315e-05
-5.445524980608118856e-05
-7.801171585524866359e-05
-2.223659310349735733e-05
-1.783798866898411196e-04
1.454880821195639296e-04
2.396005723850399693e-04
-7.356365165520416347e-05
-8.077454012404697899e-04
-1.979191874247890164e-03
7.142538038979479725e-04
4.157297319574652233e-03
2.134670233441075034e-03
-1.108908365548423591e-03
-4.817429989586608646e-03
-5.361001459165559176e-05
4.158829091897382772e-06
-2.261685259855816213e-04
5.254056594771971912e-04
5.432434872612837331e-04
-2.947846200495794316e-05
-8.567806329608258352e-05
-5.839526807942962581e-04
1.444684006801487007e-03
1.788418905046319091e-03
-1.683846446056571744e-04
-2.749309749517356077e-04
-1.384309129063852504e-03
3.075353761541238778e-03
3.113240037475684206e-03
-6.929026485723226527e-05
3.753366201933507626e-04
-1.068038696222985400e-03
9.870765096844141199e-05
-1.772768197883465777e-03
-1.711008116892708594e-03
3.247808017461103341e-03
2.169027386330871394e-03
-1.626531656609952895e-03
1.047775051788351957e-03
1.132429675896095070e-03
8.987948078874007096e-04
-3.119505844970393849e-04
1.345607360662457006e-04
7.304053753753675599e-04
4.145798650604475802e-04
-2.387865850513050370e-04
2.561672067130483111e-03
7.008886668998239814e-04
1.041398629899919137e-03
-6.337248703412700886e-04
1.134680402989711586e-03
-7.329791138389308257e-04
5.245847953038526449e-04
1.258378201783476313e-03
4.661239705216929955e-04
5.431653635399334349e-05
4.515156228693704369e-04
1.064333894814680674e-03
7.941017598826315008e-04
-4.243609340803546591e-04
-2.296922754071079628e-04
2.095544422264629749e-04
4.552977364640456328e-04
4.329780927551428682e-05
1.230909584584813799e-04
3.789785434021916005e-04
6.142714593815661775e-06
-5.861331028349577195e-05
7.111633024645453338e-05
-6.792160966154612472e-04
5.483983847038645387e-04
2.417374507848331063e-04
5.867621271674636294e-04
-8.210483391266648503e-05
-3.994277887930347239e-05
1.389879296948407005e-04
7.471636395094440053e-04
7.104922273937264209e-04
-1.783636161742065606e-04
-1.555391509400540510e-04
-1.079983683087731605e-04
1.360372435354325824e-04
-2.874837521637161431e-05
1.005303154482398913e-04
1.394277242818503613e-04
-6.997887729362548112e-05
-5.179898720943158742e-05
5.436090556073685699e-07
-6.050711366699487730e-06
3.246671519016445834e-04
-8.457011545144063960e-04
1.504845206268209425e-03
-2.949454139408547865e-03
1.038474944965484936e-03
-6.368895451419416889e-03
5.333643686951161644e-03
1.772498493498482833e-02
1.821399054035040613e-02
1.869064395701327749e-02
-4.929158218856204127e-05
1.032845762884976852e-04
-2.350590042523159476e-05
-2.037008084024257207e-04
-2.584896112007826780e-04
-8.281961980795136307e-05
-2.215467360288401804e-04
4.522187939551792157e-04
-7.776029059310455259e-05
1.532835192292631170e-04
-7.899362492023810417e-04
1.040200717785269395e-04
6.787866633430353564e-04
2.087538158969983772e-03
6.020869920494333191e-04
2.401862731738694644e-03
-5.592082675464587864e-03
-3.678859145024837660e-03
2.908284688724370199e-03
-1.035315835613648608e-02
-7.607836437348533022e-03
-1.535899703619369576e-05
2.148036471492553755e-06
-9.206777480256510314e-04
2.288845579270839918e-03
2.578872904288857619e-03
4.048704611003558155e-06
-2.303596879700924152e-05
-3.000840805149090906e-03
7.468531948959372495e-03
8.516215194759698542e-03
-4.987097437488094594e-05
-6.585731952426772482e-05
-4.313884199408490189e-03
1.023741627714543773e-02
1.129358854530093485e-02
-3.414351953543254487e-04
9.132074599981474016e-04
-2.768399076481412946e-04
4.969134522745537880e-03
8.666642093737089714e-03
-9.065175818040999275e-04
1.685228070270001826e-03
2.183591996330779082e-03
-6.876544699940747999e-04
2.600144997025002902e-03
-1.792711433458514904e-04
-1.619670876471597423e-04
-2.292994704384862295e-05
6.614065797883955364e-06
-5.099920940917502523e-04
-2.109801936676722475e-04
2.290120103472281831e-04
-2.329060741447131107e-04
-2.548103938643044063e-04
-4.050913499205946309e-05
-1.352517326173647736e-04
3.498769546591149393e-04
2.004913303849999997e-04
-1.941420834198815835e-04
3.655760847086720407e-04
-7.662333860545148066e-04
7.240901776196517758e-04
2.313584054316809066e-04
2.404780921761397921e-04
7.528918456946113438e-04
-3.028574833520536577e-04
-2.280521871659633101e-06
-1.972620758836322055e-05
-8.096103530056975852e-05
4.865354563088934378e-05
-2.136963664248341109e-06
-1.477867979739996601e-04
3.604023890260611305e-05
1.686085810087717158e-04
1.813604635907281278e-04
1.214000395619110623e-04
-6.063094176729509654e-05
-3.785165082086689608e-04
1.446953303135156850e-04
-3.342250915417180053e-04
-6.891405024006937250e-05
-3.663701604645255416e-04
5.888075823934925922e-04
7.973316222171280545e-05
1.028061614318434428e-04
6.582371793479663757e-05
-1.077051011868136612e-05
1.597977978053019262e-04
-6.640967628760758744e-05
3.686831830688756177e-05
4.097929985663334039e-05
2.198233384381673082e-05
-3.778886452713904360e-05
9.148256387704630210e-06
9.540121491891223312e-08
-3.876412774529995782e-05
9.393682841974160844e-05
-1.453031351285995817e-04
2.207166871602893419e-04
-2.440436008908274600e-04
1.776507622667419773e-04
-4.359445682068650353e-04
1.302138918030154710e-03
-1.891867200572553776e-03
-1.443652867813488040e-02
-2.100860413872288448e-06
-4.060385175431327032e-05
2.845499222983432233e-05
2.136053013487225518e-05
9.434587617952035438e-05
-6.403596384005912198e-05
8.476529517317463180e-07
-1.662130822408945576e-04
1.066520587237987947e-04
3.203108468625566035e-05
3.972539787655248182e-04
-2.090374727803612990e-04
-2.157045485075987095e-04
-1.098677201226128152e-03
5.370965480745843422e-04
6.995686984864144540e-04
2.622610890582073844e-03
-1.964847996942940128e-03
-2.614351137051626993e-03
7.781220836477827259e-03
6.719344316941706745e-03
-1.752829853504199911e-05
4.433362948141526626e-05
-1.674195918558811153e-05
2.972168739912695425e-05
4.540865781977481731e-05
4.245465560001590236e-05
-1.201930353960663738e-04
-5.076678827707070820e-05
-2.435616253937203255e-05
7.004441269530860010e-05
-2.412810100141030817e-04
4.945577799031731451e-04
-7.822842328227625137e-05
1.995155753659881332e-04
2.583088478460444644e-04
7.802843627954372590e-04
-1.882567602147196609e-03
-3.369413809491725417e-04
2.976419082340106960e-04
8.507788761242103493e-04
1.634216786581858425e-03
-3.313200255599742412e-03
-1.640880794653631902e-03
8.525280789128722968e-04
-9.427495889373475619e-04
1.501637895303161579e-04
7.022332277096666033e-05
-3.304198328243931014e-06
5.364891801316827897e-06
-7.277900194269850006e-05
-1.287776547590041803e-04
9.531045184791518384e-05
-1.959264195553264828e-04
-2.746787956165664324e-04
1.594129994676539007e-04
-3.369159967093990517e-05
1.184784311130854836e-04
6.733659002211945328e-05
-1.065949995548218362e-04
-8.617796219010105782e-05
-8.828502467179242673e-05
4.400205892439859666e-04
-1.239759769835378713e-04
-3.651325313674477638e-04
-6.900007533197062776e-04
4.045295467312486418e-04
2.817294066980393602e-05
-2.284923906079103596e-06
-9.330537131781990452e-05
8.682253396423226242e-05
-8.571218373551651209e-06
2.532024708759669879e-05
-2.305291809898147166e-05
-5.192997949099899398e-05
-8.120880102488848109e-05
-2.449731735138428615e-05
-9.524881192080461632e-05
3.058323982024776328e-04
-3.898762922702852227e-04
2.765901597106169168e-04
1.034105189110176717e-04
3.263789874502508507e-04
-1.929845686300708124e-04
1.177575546120004945e-04
-3.415129911854237961e-05
8.277882644893569397e-05
-1.123472627667872247e-04
4.420292293883953152e-05
-1.251309182453425452e-04
-4.037319819240223919e-06
1.594522453265973858e-05
-1.791150808479563292e-05
2.253018937367033613e-05
3.887495752902859504e-06
-3.006455536172988264e-06
1.440816733099808272e-04
-3.349202967176416121e-04
5.813765768048166768e-04
-8.427265404116257358e-04
6.059524847795596907e-04
-1.046526159526560027e-03
2.304660743674351959e-04
2.241202388240509918e-03
3.869033870847121866e-03
3.656353733940481080e-04
5.385792867024036914e-06
9.672471225500006353e-06
-2.656955149694391989e-05
-4.580047153144221032e-05
-2.521054951543385240e-05
4.175487672202387094e-05
-2.694532143841520053e-06
3.066989825687427149e-05
-1.165664650818543574e-04
-4.489553151729859493e-05
-1.392583928727079351e-05
1.472120542213913735e-04
2.849368609201002487e-04
-2.243537189075780244e-04
-4.289671209904945747e-04
-2.392583619701791774e-04
1.351263546129480731e-03
1.292197675401449315e-03
-4.292211656010705922e-04
-1.429530876327657829e-03
1.240528725700114820e-04
-3.179139228560232439e-06
2.145576919517803172e-05
-1.379696885219016496e-04
3.502090236124983844e-04
3.811345257530464456e-04
5.310709188866533542e-05
-3.697142248524077073e-05
-4.146318291549893459e-04
1.161748077349373858e-03
1.280337701921045908e-03
-1.389148073938878263e-05
1.143794033911834773e-04
-6.863683241639444111e-04
1.978494345600667788e-03
2.204481178206497624e-03
-3.397380048770517981e-04
1.147002681276240331e-03
-5.262142564374959128e-04
1.092126180294496901e-03
1.004308335264424059e-03
2.431383107381938588e-04
-3.628032686775913809e-04
-6.189735205848212202e-04
3.959856633545911033e-04
-3.060496991731031721e-04
-8.160801165417970525e-05
-1.003874178297870179e-04
4.044164459964728789e-05
-1.846383103129028047e-05
3.000439818892834763e-04
2.175908024090313726e-04
-1.778871377311488867e-04
-2.854747625138080876e-04
-1.155460073165044254e-04
1.702831529126205227e-05
-2.013919265293671553e-04
4.615417852385519069e-04
2.399380387115054560e-06
-1.870012321092445382e-04
4.341012084308084164e-04
-2.105496011092622530e-04
5.785014557045092126e-04
-1.978346259943879757e-04
2.406222073727027374e-05
6.516998590229166244e-05
-2.607402336613861524e-05
6.740996786880377068e-05
-9.102392589362615896e-05
-7.792044235312700076e-05
-4.475696982956823964e-05
-3.933935980995308840e-09
-5.436893812803026777e-05
-3.346175106016626355e-06
-3.306071352224807967e-05
-3.816881944232020340e-05
8.478971588538390897e-05
-1.190863366522816857e-04
-1.542086745691436788e-04
4.626888093544416470e-05
-4.942285828862023975e-04
1.140134161621568265e-04
-4.845724525980808751e-04
3.990761625137996169e-04
-1.390048306135666415e-04
-9.584235604812432128e-06
2.159905902057366705e-05
-3.050958807643916416e-05
9.695851936494038662e-06
-1.615776919579133193e-05
5.657003758010912495e-05
2.373725726651983802e-05
2.826617453224722609e-05
-4.055749699606334087e-05
1.340409923018449657e-05
1.523237314068400666e-05
3.766572659797351262e-05
-9.665760466356878753e-05
1.732973193656349757e-04
-3.273384969047198338e-04
1.377912916196206863e-04
-7.350674153686585777e-04
6.724775266338204206e-04
1.467111354643185588e-03
2.936904800147304914e-03
1.544373509185274166e-04
-7.104240421136922537e-06
-7.121114549051034201e-06
7.876595394829769697e-06
-1.080718654275400686e-05
1.500584132515328359e-05
-3.179817880861934213e-05
-3.091784810580372093e-05
-2.541420672878110114e-05
3.427387447584992941e-05
1.358469526692775954e-05
9.171631968249407323e-05
-1.437009558098156668e-05
6.368582195792859809e-05
-1.529026223345601406e-04
9.201666685098908215e-05
-1.073513123442220563e-04
2.579661589221823154e-04
2.485070998095396185e-04
1.022414302369908544e-03
-7.477843688485458174e-04
-1.952864545231977741e-03
3.437542467252000889e-06
-9.560997539436556642e-06
-7.515982758488883237e-05
2.476961992135490263e-04
2.683908372667911870e-04
-2.059171088541275082e-05
2.123802309861214343e-05
-2.904835284154434175e-04
8.356889792776184267e-04
8.622552437121483665e-04
4.203739296182743625e-05
-1.086192599945500300e-04
-3.247533730670204718e-04
1.135692167647812728e-03
1.246085985970044182e-03
-2.004462346106979055e-04
3.510189381274298847e-04
-2.768311045693970388e-04
7.274617946207304281e-04
9.108357612963786151e-04
-1.195700948184967723e-04
3.226760511655782696e-04
-2.503849673185090186e-04
3.498632329611604070e-04
-1.154612618962557380e-04
-1.641613102593484752e-04
-9.917545879700339804e-05
-2.101981138697521986e-05
9.686705914545174972e-06
-1.447526828174843839e-04
-8.994960023837600004e-05
6.946217566920172618e-05
-2.145124407868356428e-04
-2.632747516974129473e-04
1.196056554900557797e-04
4.937934377638355642e-05
-4.723738418515105388e-04
-1.185325525855090170e-04
1.247392565368970173e-04
-7.042779670576983307e-05
3.654748450943581448e-05
-1.154917548849549970e-04
1.414050949674819499e-04
-1.960786335467087763e-04
3.043997421106363810e-05
3.748958863746656219e-05
-2.542776917858296756e-05
3.394366832598219244e-05
3.932036598080456389e-05
1.968437812076657010e-05
-9.816454323639231582e-06
-5.119062056096814763e-05
-9.027986224599341672e-06
-2.321712695970447993e-05
-5.756719509836166678e-05
-2.201271426191032084e-05
2.151432653945732645e-05
1.090614030194354392e-05
-9.635554333793404705e-06
-3.077460571396843728e-05
-1.203932769349334110e-04
-1.078339531994320636e-05
2.690923655458168806e-05
-7.208287880262030656e-05
3.836028949317666232e-05
6.989500664998537951e-06
2.574132205014266372e-05
-1.175980303898573020e-05
2.231375560917695782e-05
-2.860704882697750795e-05
-3.552035028487193497e-05
1.690134467122829848e-05
4.157351547147740899e-05
6.448125992888056013e-06
-1.734945500620004813e-05
2.775891654035375882e-05
-6.433426084305967382e-05
1.142418145129958477e-04
-1.673055334958369967e-04
1.147360531124546950e-04
-2.358707411395082748e-04
1.487336996198941499e-04
2.828450197718316260e-04
9.248798105334904559e-04
8.257729237388671982e-04
4.027017683311380776e-06
-1.078079920699809546e-07
-8.548814972760844692e-06
-6.928590028571011030e-06
1.045170740058806022e-06
2.039371654138489754e-05
1.799077692062874483e-05
-6.075752947834250389e-06
-3.401018443159366933e-05
-3.764177212120439005e-05
-2.234902373170071608e-05
8.492719706962547884e-05
3.845850534146420720e-05
-1.700092674297140800e-04
-1.049875731076089938e-04
2.668006724757633480e-05
8.511521148129312826e-04
-1.048042140463791130e-04
-1.784215716239757790e-04
-2.559818485248305459e-04
3.759882128627520617e-04
-6.046954728407001844e-06
-1.839972161070739303e-07
-2.563820330079096373e-05
7.780873708781690023e-05
9.889828568856285458e-05
-1.493772754581116492e-05
-1.133505813888215060e-05
-1.337039074473531444e-04
2.697194425956304714e-04
2.805068639605707561e-04
-7.899039330236109840e-06
-6.254017339432853902e-05
-1.034468207357145644e-04
4.313573021841615881e-04
6.194789225923794671e-04
-2.476781436802341424e-04
4.932000180768993059e-04
1.068597376860840401e-04
2.314793107336143941e-05
2.299305650874980780e-04
5.001725572183570080e-05
-3.397178241161277708e-05
2.232936969678756434e-04
-1.365539078924508129e-04
1.495110358932784335e-04
2.445713057779511502e-04
1.713620509628793873e-04
-2.040615169908414572e-05
2.971123710222133092e-05
-1.875713830610316966e-05
2.694337002904776996e-05
7.667697736207731995e-06
2.984121812737064558e-04
1.368591378792862205e-04
1.109234479775827586e-04
-2.453724658202521711e-05
-7.777751037107200787e-05
-7.545089095866423139e-05
8.014526565903434797e-05
5.602907753249930273e-05
3.811404688519304579e-06
5.287650708197273172e-05
-1.011272429125203352e-04
1.502880085659872835e-05
-1.356822522163581837e-04
7.785918488319256466e-05
-2.663808348191154602e-06
4.395959222408847154e-06
5.218383673793758223e-05
-2.407297478049745244e-05
1.583267863571250945e-05
-5.553799944918778555e-05
6.704759423022800046e-06
-4.907712950878730492e-05
-7.557859912501956154e-05
7.106528694409314532e-05
-9.470773115570386578e-05
8.872314714891460551e-05
-1.172684755673461803e-04
4.067143997551134340e-05
-2.608232269868062834e-05
6.753352929295627113e-05
-1.610171026486901461e-05
6.722312358609038008e-05
-5.557993172190799113e-05
-1.455150885979168907e-05
-3.085921998014115564e-05
-2.895926684422259378e-06
-1.202511215790903938e-05
-8.389836345422642058e-06
8.037073989413133623e-06
-3.837194372593447160e-06
1.293630586785115919e-05
2.752780728489267940e-06
-1.501340177895953375e-05
6.664970134311110127e-05
-1.727570537499276040e-04
2.937010382911463486e-04
-5.353506720752596775e-04
2.772900951133569925e-04
-1.135164994752224524e-03
1.102096412985897758e-03
1.768993036603085101e-03
4.189616536887150362e-03
4.102650897638190561e-03
3.606641722234356501e-06
-8.526249348875661460e-06
-2.269392658672012728e-06
4.748440248721689463e-06
1.853957049123353135e-05
1.197679414877412267e-05
1.631678339639757832e-05
-3.760232519198199533e-05
-1.014755823506810341e-05
-1.766900826576835583e-05
6.020348650818377507e-05
1.390972324909548258e-05
9.332161593651840242e-06
-1.374517908335462686e-04
-9.001203402161281591e-05
-2.789469297174694291e-04
6.109468162427511388e-04
5.371520343861641055e-04
-9.183362437356832860e-04
-8.468107143797358460e-04
1.551574051017489938e-03
-1.845430356335481530e-05
-9.198832128048670931e-06
-1.493995384014249893e-04
3.201243074361341404e-04
3.817462333699950684e-04
-7.120134487858194891e-05
-2.230933723626190850e-05
-4.923916187863613524e-04
1.058231504992377531e-03
1.301703564489087826e-03
-8.081090514988845271e-05
-4.697261085830416281e-05
-6.852983149729224019e-04
1.469505946303319632e-03
1.747959495639546867e-03
-8.972397810133148999e-05
1.056899781131691542e-05
-3.056702704388934125e-04
7.646263726749942926e-04
1.132544731780909609e-03
-9.175386428405297729e-05
2.235403917125049255e-04
3.987806341283146915e-04
-1.598026518514378031e-04
8.405296608286401969e-04
4.815120255515725837e-05
4.021249842207705582e-05
-1.254487839982570979e-05
-2.645254973132336973e-05
5.384153222669847190e-05
1.504437954515297344e-06
-7.972782020097696491e-06
-7.648782020457881720e-05
-6.458431496734822700e-05
1.951979855151484802e-05
8.547605221035120169e-05
-7.748660129104607093e-05
8.521459339695823987e-05
-3.319227961970045105e-05
5.392527030237144453e-05
-2.074423137979181347e-04
2.515625275272681668e-04
5.767145432769003627e-05
-7.559656542356463064e-05
1.613458742933961652e-04
-1.227422360191002173e-04
1.052087595798049512e-06
-5.437248194000029990e-06
2.384501703145016331e-05
-8.347564712975581445e-06
-5.344849717329528942e-07
-2.391012070921215681e-05
1.317252736644870135e-05
1.977428899952148191e-05
1.993182781334263022e-05
-8.881634267965449376e-05
1.294614545461845046e-04
-6.797889523751249070e-05
1.261058615687034247e-04
-2.925427525908023662e-05
9.537855572869923134e-06
-1.346227461897449689e-05
3.112100132982102132e-05
3.373116028579243713e-05
1.495134877049780464e-05
-3.343810430588226690e-06
6.951105946387497671e-06
1.554045427717460034e-05
2.048888448586242521e-06
-1.327653974837680646e-05
4.864672232382592342e-06
-1.083462622253917123e-05
7.333666107513767156e-07
-1.295216113726934399e-05
1.362437472713027183e-05
3.657856630394055065e-05
-8.356734528929311043e-05
1.512071825754305948e-04
-2.155702806105222566e-04
1.983601244203074087e-04
-3.233584854349003286e-04
5.909511244294100678e-04
-1.105719027093625536e-03
2.905512048339248254e-03
8.377442802699177011e-04
1.412345873952678663e-05
-8.109180467011683745e-06
-1.849603494049314992e-05
-2.490045071097308585e-05
1.723550621733463178e-05
4.065599676101170392e-05
6.121492634008658803e-05
-2.318590403376729912e-05
-8.260282012190927389e-05
-1.104213991544400291e-04
6.577149097086169469e-05
1.782258276301554984e-04
3.095944883825001354e-04
-1.819260769336795394e-04
-6.524299452319215400e-04
-9.110587268484950920e-04
1.275736575933583564e-03
1.882878433952498874e-03
9.263877104136379430e-04
1.002071303258073726e-02
-1.863181508670204477e-03
-1.441844199816575077e-05
1.771698205700511139e-05
-1.629834929324696036e-05
4.728275242988011972e-05
7.478295838894032837e-05
-1.140057507523694017e-06
-7.048103225795995298e-05
-1.267792620729000976e-04
2.456823966447629296e-04
2.391073650389852992e-04
-1.404654449391663123e-04
2.499466878297797005e-04
7.099610131085771591e-06
2.809703079091730002e-04
5.869730972932392940e-04
1.494112656978593132e-04
-4.598719684405467114e-04
-1.723784531450970594e-03
4.318241613864101810e-04
-1.778372771996726814e-03
-5.862717729285773409e-04
1.498872165609474970e-03
-4.386582803484393583e-03
2.350531461545487481e-03
-2.887264247713819138e-03
-1.264104791337058054e-04
-1.545644579165677483e-04
7.086019482206558037e-05
2.065307065861066645e-05
1.979754761710199600e-04
1.618521303076857925e-04
-1.322597517873171547e-04
-4.682574642996479089e-04
2.220406050548913164e-04
-6.530485703005996451e-04
-1.826843601723299095e-04
1.628537624385805534e-04
-2.503786585972499722e-04
1.665715160925569432e-04
2.313403363054672163e-04
-2.129747738547440358e-04
6.632499103026907351e-04
2.436830114305258690e-04
1.274512865306494640e-04
1.582077042207527550e-04
5.855880875594657591e-05
5.941024448223266490e-05
-6.877036105162614456e-05
-6.568811628852573668e-05
-4.584617671914704138e-05
6.130469790045462695e-06
6.677019203857750362e-05
5.452228373166152692e-06
-2.169592992090282213e-05
4.355778897380448951e-06
4.715558747967165185e-05
-6.442978931425847396e-05
3.477654397562535490e-05
3.290854989844552880e-05
-2.301082237314224671e-04
2.480943992896037951e-05
-2.426856024522550191e-04
3.192420941546258452e-04
3.425826429439161186e-05
1.605193276702863433e-05
-2.457551147830918051e-05
2.159945395143243147e-05
2.587000374300088789e-06
4.018649074664543976e-05
2.654433255718638066e-05
2.621797126882548858e-05
-1.362121493872076734e-06
-5.396221174613954090e-06
1.247398112250151068e-05
-1.210030692742766634e-05
5.893439291410670217e-05
-1.477388873991848021e-04
2.692467207740552987e-04
-4.921208657531980519e-04
1.699508608446222407e-04
-9.933230142244006862e-04
6.477552024713839184e-04
4.039185899436544165e-03
4.882207187768113077e-03
-9.056077780652531384e-03
-2.775942517891045051e-05
-1.866291462352335018e-05
2.179578744906333633e-05
1.467975886053149612e-05
4.262296360414025311e-05
-7.066312786021274430e-05
-1.176744570310326194e-04
-7.606317478164103065e-05
1.030566483977320825e-04
1.032447895013993315e-04
2.010327757917365111e-04
-3.160012708529136912e-05
-7.182819888847652011e-05
-3.187981327027583070e-04
3.220845435463081568e-04
-5.614915864910598714e-06
1.106969317322859794e-03
3.316953124958574935e-04
8.670683853504205021e-03
-9.259353577632453702e-03
-1.947564360014601356e-02
-1.773364420048825283e-05
2.508338937013221298e-05
-9.414536203132313366e-05
3.714582558734527088e-04
4.345112934438433898e-04
4.180531045977694957e-05
-7.112677272286291959e-05
-4.885301062824989014e-04
1.357333789582762735e-03
1.261262725918172551e-03
-1.238733652161916375e-04
1.945603713399303566e-04
-2.261674726168510824e-04
1.420536121745771905e-03
1.890482572750107728e-03
4.863435130708386922e-05
-7.029546572134434455e-06
-1.269159079808253711e-03
2.037035328855611987e-03
1.340692621184503891e-03
2.755420020644118537e-03
-6.183807111455862267e-03
-6.188901234354912337e-03
4.556914979673579690e-03
-1.846801360452125307e-03
-1.350652545848927402e-04
-1.692852584715692104e-04
7.185093724373235638e-05
1.091774470691501210e-04
-6.011613856734985759e-04
-1.872127347223930015e-04
1.858513919035821300e-04
-7.052096031631431734e-04
-9.587416787443054039e-05
-4.561262214096503827e-04
-2.728501581146824170e-04
-9.471667891095515105e-04
-8.055431954086886151e-04
5.560792943878745511e-04
1.223019148545809599e-04
1.130709610542088598e-03
-1.394094979369535576e-03
4.132644170544550908e-04
5.829689965788613240e-04
8.715419623724288004e-04
-5.315905406243837724e-04
3.326872828089824852e-05
-2.825441713139936211e-05
-8.226325614358443285e-05
9.393966012600701501e-06
1.059249648451083813e-05
2.447579983129729867e-06
4.009858014594096081e-06
-7.912696294617405329e-05
-6.672898445007776041e-05
1.662866282686843646e-04
-3.396830092958703006e-04
3.528258529077376790e-04
-5.358159343314249784e-04
-1.304140993487194658e-04
8.590952717425297507e-05
-1.456281748730775213e-04
7.234518197152031683e-05
-9.366977881682641953e-05
1.985324554370987085e-05
2.996227968309504507e-05
-2.844951371222869877e-05
6.658985288620985371e-05
-4.972181780026153826e-05
-2.413903292570195012e-05
-3.584467983998453040e-05
4.452949619838940420e-05
5.954773582690745952e-05
2.626558829694811324e-05
-3.850202797616179753e-05
-1.511545614873175612e-05
3.590966583043738006e-05
-5.286785309454284336e-05
7.159152734152405813e-05
-1.267744074870929942e-04
2.918698119823234030e-06
-1.235645643773378849e-04
6.390546250584050025e-04
-8.754635341742594487e-04
-4.110827898762802954e-03
5.804923783463559620e-06
-1.305455132601970978e-05
-1.357946531089271165e-05
-9.449378029211609508e-06
2.780895770187671111e-05
3.182487053235271156e-05
2.493749405911586589e-05
-6.438823772216329170e-05
-5.140404233703463267e-05
-5.049551800677322156e-05
1.313345585009320117e-04
1.250594576360738758e-04
9.288430220325745467e-05
-5.183922595484836233e-04
-2.686457209477454864e-04
2.208642875987853815e-05
1.445190194931777160e-03
-4.943910064068228298e-05
-9.269197502175740514e-04
-6.188728530129101318e-03
1.882992446825480478e-03
-4.805536562440817385e-06
1.642471410424865581e-06
-2.608884297134051245e-05
6.964082274319847077e-05
7.495818047524161322e-05
-4.149288414738911657e-06
-1.262815292530681892e-05
-8.590848562093826937e-05
2.025495657582175384e-04
2.117328631140486959e-04
-1.289521691730455585e-05
-4.433696212160465294e-05
-1.592303556702765881e-05
3.382422316313765057e-04
5.539863553260785832e-04
-5.467855726840392325e-04
1.292268351638094790e-03
-4.353818101215860639e-04
2.768072432635669045e-04
-2.602477251996217797e-04
5.283432307253755657e-04
-1.297950767427736999e-03
1.073395798378876890e-03
-3.799732549849344008e-04
1.240959511007274719e-03
2.658582899124307063e-04
1.425253899519429235e-04
5.465910676459798941e-05
3.518897494572820330e-05
-2.181819530193875853e-05
3.248904824195968929e-05
-3.191198526982026482e-07
-6.953114366117598192e-05
1.917961600469852046e-04
-2.377539519026203383e-04
-2.244712413288133099e-04
8.221206592287254642e-06
-3.038238354871713575e-04
1.732764253236708269e-04
2.013520447521569966e-04
-1.889248203783980428e-05
2.287260153997590286e-04
2.507767914743313587e-04
-6.010073353792883336e-04
-2.821281957791528991e-05
1.056107858566939146e-04
1.559070943502779803e-05
-1.542730845167581533e-05
9.030027209445904893e-07
-1.189759024038773397e-05
-6.521758068605805489e-06
-5.126384849520586605e-05
-1.285673628354474180e-05
-2.851016568115380734e-05
-6.407882092763531013e-05
1.579335673085388982e-04
-2.949563052092949301e-04
1.545382441663064937e-04
-4.003290890275434163e-04
1.357751961316810258e-04
-1.633454734847996151e-04
1.834180668495882002e-04
-1.070463882536009184e-04
4.718786647283796509e-05
1.922959608000559958e-06
-2.949057655928628312e-05
2.016406297521924245e-05
-2.111246359337836057e-05
2.636090740165706331e-05
3.035488003903593856e-05
-1.438045567605365905e-05
3.775436420139665261e-05
-2.648444502598166483e-05
2.365879925610559728e-05
-1.551645748249986563e-05
3.292656812402640283e-05
-7.587998473485761761e-05
1.351319230019789425e-04
-1.944716659813525736e-04
1.168354424605205625e-04
-2.653242427772920810e-04
-3.407731824451694711e-05
6.935732067136432272e-04
7.360572135213086292e-04
-2.881783209305055775e-04
4.551415498854796059e-07
-1.483753698236160549e-05
-2.465399406059589936e-06
-1.057138714918579116e-06
3.323855655002307049e-05
3.085228991399229014e-06
2.791469477930961210e-06
-5.677882917123411240e-05
-1.332489310802101667e-05
-9.004102888969439585e-06
1.394186009601480042e-04
2.872930480499125345e-05
5.848260064625297039e-05
-3.392281340039715598e-04
-1.442807848331771744e-04
-5.885225223461920305e-05
9.279355208394284016e-04
2.030674297601995943e-04
-4.538868670544466571e-04
-2.317221864320844881e-03
9.748020213972208910e-04
-1.140786904490448255e-06
-2.234851366253190386e-06
-3.844114775939774846e-05
9.867580526021274480e-05
1.114407686038207835e-04
-4.544944158680500957e-06
-5.178979048329700486e-07
-1.422575090601829945e-04
3.602032675759865078e-04
4.191444169711750194e-04
-1.171659045583579491e-05
6.862830301126674073e-07
-3.127051152914857583e-04
6.504162926217392461e-04
6.336743041359390672e-04
1.507500381005312800e-04
-3.562505795221337988e-04
5.929410660350444440e-04
-3.128937435730149021e-05
1.016957255446115189e-03
-9.453695209020298652e-05
2.910275062364203681e-04
-4.352298006260235707e-04
1.705832584908486020e-04
-4.431795856350992054e-04
-3.416721642981166741e-05
-7.115050497467006710e-06
-1.826814270326123095e-05
-1.262130345030643216e-05
4.302553888775536461e-05
9.486075820113539330e-06
-1.267312795934700159e-05
-1.042777817298780595e-04
-2.622704502153158689e-04
2.154431300423175215e-04
2.396125511489175634e-05
2.522217113166140323e-05
2.167190764292137911e-05
-1.836117477460206068e-05
1.846746985989590776e-04
-2.922736150543803766e-04
4.348859184678071613e-04
2.480765983767689391e-04
-3.343691376368458054e-05
3.146878445919492934e-04
-1.695226620173472941e-04
-1.128039976381793029e-05
1.783268164292369331e-05
-5.851063015091371948e-06
2.231230400573313988e-05
9.014444662913771576e-06
-1.507507124205181423e-05
1.264214407262063146e-05
2.791216607323546988e-08
7.448887461612423555e-06
-4.215078918132857778e-05
7.116677748707248778e-05
-1.156971828108082736e-05
9.944127751894350688e-05
-9.845754710683276136e-05
-9.883742197006579826e-05
-1.031989822101271663e-04
8.944184920631132244e-05
-9.026375352146141350e-05
1.431097134423135868e-05
6.471758992925291936e-06
2.211372339934924904e-05
-3.209897665061399582e-05
1.707514977304735955e-05
2.215543896202294038e-05
-2.157797880228374491e-05
2.748987561704094131e-05
-3.088449077831096685e-05
1.078078515598516180e-05
3.300240939049044725e-07
-3.848482554356548892e-06
9.880828037291804832e-06
-1.289934116735009083e-05
2.100567945722100257e-05
-1.435013899019205480e-05
-4.170554318899349963e-06
8.646764406392035780e-05
-2.821809394240491157e-04
3.790838614108608300e-04
-2.479014661506053797e-03
-2.328125905306163074e-06
-9.477427680337865057e-06
4.387756588953288375e-06
5.450336308923206760e-06
2.356457197555493889e-05
-1.046423926205131498e-05
-8.165159057858459640e-06
-3.770465579066653187e-05
1.550804483128709769e-05
1.252220069781739572e-05
1.009085548594633648e-04
-2.332867391915691019e-05
4.302477110246722138e-06
-2.519529452231121318e-04
-1.661269531838525213e-05
-2.189616172922354952e-04
4.691693650693004938e-04
5.083096296475720114e-04
3.346871057728518649e-04
-7.376357057524022057e-04
-7.605117840710778768e-04
-2.138730844488201023e-06
4.321838682409809988e-06
-6.282765740700923187e-06
1.408292678405616384e-06
-8.631898133317806126e-06
4.104209360291413735e-06
-8.350704988345876832e-06
1.516783973238791609e-05
1.595737751055184900e-06
2.898045021020148308e-05
1.652245201926726717e-05
-3.806813479992209482e-05
-9.301087677529195545e-05
5.556346352492927843e-05
-5.638397445611206642e-05
-2.227488107992916817e-04
5.207770294258080813e-04
2.660170549885050259e-04
-1.898796108491516185e-04
6.924287346288493213e-05
4.385039333866241077e-05
-8.520692262357719817e-05
-7.751568299017216879e-05
1.131681164843872651e-04
3.844109921274563757e-05
4.179649784192177309e-06
1.389700897291275427e-05
-1.365906890791024213e-05
2.081383419284996795e-05
-3.126905350247144357e-05
9.137945045579849986e-06
-6.583996304829336650e-07
-1.145330343194970963e-04
-6.757865200643866266e-05
1.694921161899906930e-06
-1.114376926759200507e-04
-1.350529176445614194e-05
-1.553750905302396859e-04
8.558479242024701354e-05
-1.784582978330091416e-04
1.214742109582563122e-04
-2.688862880449162883e-04
-1.704559577701761505e-04
5.699627252345799120e-05
-1.852492931669288989e-04
8.641378790926201880e-05
-1.028319887794690673e-05
1.175483000520462959e-05
6.645425361128400801e-06
9.300175779126660896e-06
-1.358525293377825940e-05
3.019419539555526146e-05
-1.959525572907112626e-05
9.317053644102530900e-06
-1.104305868835236809e-06
4.590030466025540195e-05
-4.261858176217954495e-05
-8.129046495426350187e-05
-1.028097382750358771e-05
1.142131402471138345e-05
-7.939169093664650569e-05
1.432376122868412346e-05
-1.045442296418861316e-05
-2.416640578712173760e-05
9.865295581336556868e-06
5.924248657395796227e-06
4.017963748723692779e-06
-2.133274989290972953e-06
2.529411428222322254e-06
-1.577822913168648789e-05
2.158697058210815294e-05
-2.466357790261431335e-05
2.496766606913241527e-05
-8.080441699611259131e-06
-1.167440036628901822e-07
1.787063267373693718e-05
-4.059830787858638792e-05
7.471346699338138472e-05
-1.057812600025527950e-04
6.131219885036176651e-05
-1.573845167003804760e-04
1.634417518936806613e-05
3.152324404090245499e-04
6.930247040616157412e-04
2.066821776171181083e-03
4.407151915227838395e-06
1.571897749834431348e-06
-1.002399346463174945e-05
-9.153665313141386720e-06
-1.427205830344060383e-06
2.501584313844971673e-05
1.763958488013717937e-05
7.373843699487567242e-06
-3.676024057598370205e-05
-3.443743754807686763e-05
3.549928039161967792e-06
7.939160521393412993e-05
6.017793816493851358e-05
9.333061430126432910e-06
-1.540060525926463184e-04
-7.158378131104490996e-05
1.989612704790681740e-04
1.649179312434907339e-04
-1.709302113602095450e-04
2.860680776950816503e-04
3.837563905340308579e-04
-1.066472979078893538e-05
1.445067707032765058e-05
-3.067971142799913507e-05
6.069973586347636397e-05
5.836885162378012312e-05
5.328878549474355319e-06
-4.091758201206474442e-05
-6.501832921320234654e-05
2.170732499760912591e-04
2.752572742473185911e-04
-5.230582748058846643e-05
7.230809106836946559e-05
-2.332199453077561495e-04
3.867567788606444718e-04
3.061730099853011305e-04
-1.495006423225906528e-04
2.989850695257631691e-04
2.982414772897649274e-04
-3.301104702468575351e-05
3.829145365332858853e-04
-8.906818317407560678e-05
1.760411328992981649e-04
9.302924644681151900e-05
-1.057255010898538094e-04
-4.016609098249918487e-05
-6.125089567839221076e-05
-5.019059868692782452e-05
1.005675121000435443e-05
-1.771582697718281066e-05
2.212262255380784468e-05
-1.201649172426201281e-05
-5.451924376136999073e-07
-1.077351734244820345e-04
-9.285550752007825477e-05
2.352827700856323554e-05
1.178530505852958920e-04
-5.180101271764960685e-05
1.234156287871404482e-04
-6.583537689267010421e-05
-8.433371559924954166e-05
1.223764023543245764e-04
-2.233404994961417540e-04
1.848477805062807348e-05
3.753700879848849477e-06
3.872942852347367179e-05
-1.766997471743841821e-05
9.811705367072684849e-06
-8.265332286041663748e-06
-2.473741025148766198e-05
4.243263912859735956e-06
-1.082263065756753587e-05
4.081341373591274996e-06
-1.166036660339361988e-05
1.954835461237937420e-05
9.596124614085549525e-06
-6.152442296594352713e-06
3.745794939767104115e-06
2.652773962129859582e-05
-7.747806256563613601e-06
3.047524323056015596e-05
-4.150411144738475554e-05
3.751791828651029502e-05
-1.338242547067054626e-05
1.505130468914100024e-05
7.877288595922695200e-06
1.404195481609468852e-06
2.969493675082680514e-07
1.244807138761435464e-05
-3.008554584947886496e-06
1.044433697833696346e-05
-1.904746244018559707e-05
1.631097890855998737e-05
-2.458419112425178776e-05
1.373738595669037447e-06
5.143603664295556825e-06
6.069446606779121809e-06
-1.712492674137830318e-05
3.830443626599746697e-05
-1.156286149578929288e-04
-3.256570405443972727e-06
-2.889962526284491615e-04
3.793138760664201375e-04
9.773756908233041055e-04
1.162898317926446771e-03
9.332576700549789761e-05
1.641699467211458349e-06
5.787735114404265725e-06
2.142376683820800743e-07
9.275437630320755792e-06
-1.362320710050699431e-05
4.678242532963677081e-06
3.975746606844578013e-06
2.408556944172616119e-05
1.440263721362887343e-06
-7.081723856396045957e-06
-3.851401683887586546e-05
-2.818230644438139397e-06
-3.608945474147751890e-05
6.571054179850381333e-05
-9.329324573321256590e-06
-7.037853097418829244e-05
-2.196725429567862684e-04
1.381624890213566353e-04
2.941505488047031126e-05
1.108210074780441486e-03
-5.517168662712319810e-05
-6.078082609886740372e-06
-6.312150615245501065e-06
-6.407742777561560620e-05
1.461918503398052394e-04
1.643204620929061745e-04
-2.916007090955760936e-05
-4.540575153915628387e-06
-1.973481329011168373e-04
4.838324166917162459e-04
5.732716626643923064e-04
-1.880222338734016121e-05
-1.717728994951293829e-05
-2.061795978009628579e-04
4.527269553217361350e-04
4.944758881014405579e-04
-2.405898478689329708e-05
1.223878210984469073e-05
-1.954969825661372854e-05
1.788925850346167470e-04
3.087653532801745530e-04
-1.173636306396467127e-04
2.700487791762207234e-04
-5.549062686658827974e-05
-5.314216894252213590e-05
-1.723000981894430540e-04
-1.250803103210957330e-05
-1.353288051823102507e-07
-9.460495418138071869e-06
-1.691892078933154928e-06
-4.747322738122189116e-06
-3.819379417514392516e-06
1.374480604171331873e-07
6.732742275326849591e-05
1.622027313252226939e-05
3.824076492435841192e-05
1.049326682444905866e-05
-4.076498000642073214e-05
-1.221366824991168440e-05
1.447407455425934779e-05
-9.023135427660647508e-05
2.850622054016338619e-05
-9.816810506810521642e-05
-1.493920009500722103e-05
-2.000039764396665179e-05
-2.027603415257525876e-05
-3.245524768169806970e-06
-2.010777069312816909e-06
4.636619889170587609e-06
-3.753161638120281522e-06
6.849301418426625578e-06
-5.442489667424287150e-06
-9.932310529382697259e-06
-3.666461389623979082e-06
1.327326390327884967e-05
2.688227760805263058e-06
2.197861786491965029e-05
-3.085821976844001344e-05
-2.686383497527612227e-05
-1.244333256364651188e-05
-3.239215336962092195e-06
6.242735827029658023e-06
8.524791697505777719e-06
3.001899521935256623e-05
5.836360748797302854e-05
-5.680139565471694328e-06
4.374477275084863432e-06
-1.901594817685652286e-06
-1.479118906600756134e-05
-9.744301202310491306e-07
-1.498862297033587064e-06
-2.196626976352088659e-07
6.488273679471593338e-06
1.372393966053089260e-05
9.379137448281153121e-06
-1.022352854465673156e-05
7.750291245020366531e-06
-1.631314903660410065e-05
-9.330064996282527831e-05
1.312310635866436725e-04
-1.934771642505621846e-06
-4.299411093629452396e-06
3.697795650773322533e-06
-5.524664532253186938e-06
5.072786527425685781e-05
1.511662145719668322e-05
1.068874043754973967e-04
1.415960399227355726e-04
-1.369076309652568718e-04
3.279505815238171823e-06
-6.625749890636380372e-06
-3.487132425078656989e-06
7.438596965616234389e-06
1.257601893918176961e-06
-7.924951761156796986e-06
1.157944119553311246e-05
2.023351102203868471e-05
-2.436967258771446254e-05
1.208836580761800404e-05
-1.328187974092603278e-05
8.384566251366650728e-06
5.094723665163336036e-05
-3.971736688971674731e-05
4.448903214505435289e-05
-2.353874053940593486e-06
-9.984861908767944417e-07
-6.952388667798762441e-07
-2.475622927031650669e-07
-1.229311389738877160e-06
-7.684280558146083587e-07
-6.741928328150670687e-07
7.924868711938481833e-06
1.183415213240760551e-05
-2.419616519126382804e-06
1.418191766288525967e-07
1.014566376073272834e-05
1.665744198561731730e-06
2.520926569817000127e-06
-1.327259817947258980e-06
-3.165810547009844716e-06
-2.201160140204647001e-06
-3.771829548910986127e-06
3.499250699324956664e-06
9.120353033754660559e-07
3.794952821804053166e-06
4.881419829422221579e-07
8.160216934186005939e-06
3.144884701161325342e-05
3.086322077692167979e-05
6.235129977355827408e-04
6.490975758663523887e-04
2.049677206585800095e-05
-2.255124163855399917e-05
2.156681511933663145e-05
-1.000273331513574360e-04
9.159642431479552078e-05
-9.661610604529073773e-05
-8.256240820759928748e-05
3.447966984590236471e-05
-1.591728421864968513e-04
-6.052978116842765731e-06
-6.653461628751870542e-06
-4.998602836598914554e-06
-3.810814008959003923e-06
4.372519709261898654e-06
-2.217385546908729154e-05
-1.812450833230110582e-05
1.695006227377141787e-05
4.758338045398416178e-05
-4.855092860260937226e-06
-1.482052888523007732e-05
4.139716782752033584e-06
5.471723721765572546e-06
-3.607048178375704433e-06
3.342419216927398039e-05
2.579638828155074441e-06
5.792963863224286010e-06
4.175919788150811152e-06
-5.875127373883631507e-07
-1.924680973735465456e-06
4.040885430808773754e-06
5.559776031821423424e-06
1.472324139276508476e-06
1.109686887863861920e-06
-5.292854758298462401e-06
3.506128516182133557e-06
-6.217679198235002432e-06
-1.344375536376834179e-05
-1.193464459041218086e-05
-3.151715834149072594e-06
1.983576379076970227e-06
-1.861525212042596721e-06
5.273826898542957404e-07
-3.388328013293217924e-06
2.500741830070338839e-06
1.521514915283218554e-06
3.189271043507897679e-06
2.519272299398297928e-06
3.207933454723567392e-05
3.280138921959221818e-05
6.318137242733888256e-04
6.530909519045984902e-04
-3.344897756511580644e-05
-1.411898842048734694e-05
-9.052568106325072268e-06
1.485487168835138161e-04
5.658723637822780158e-05
5.288161294807550568e-05
1.868464986855914714e-04
-1.305541306283773647e-05
-1.093234319882415514e-05
8.432488397289312885e-06
5.784431173342996194e-07
7.030666451190127385e-06
4.636075137049389943e-06
5.106569603660151971e-07
1.041368572827278593e-05
1.046557569041785144e-05
-3.687298362938038875e-05
1.805565730231920786e-05
3.954403416353513919e-05
-1.147519503465433320e-05
-6.478228216676506522e-06
2.272451235913152591e-05
1.546737801084610289e-06
3.109119899263279406e-05
8.076904232007890762e-06
5.597777879050170520e-06
2.253207143397735335e-07
-1.236398185203675862e-06
-3.657805763598105837e-06
-1.732733000552654702e-06
3.548256707551811422e-07
-1.096847682630870846e-05
-7.527626912006429764e-06
-2.079724326310035777e-06
-1.359438116995026382e-06
1.083262307856363046e-06
1.349072178169539921e-05
1.284403032992624618e-05
-1.616074422234284275e-06
-1.385385598971284382e-06
-1.646452100527596412e-06
3.786036977598237803e-06
2.233882552801333967e-06
-4.704005984020796337e-07
-1.526986749345618562e-07
5.635373428878263936e-06
1.426519028861457296e-06
-9.735482749245596569e-06
9.236884234041570143e-05
-1.095050981899212166e-04
-6.025082009731163755e-04
-9.431660395023959447e-06
-2.507293174032596247e-05
5.782339965165116070e-06
5.690263713646885358e-05
4.463109671212554493e-05
-6.938257244902823744e-05
3.460103269826176340e-04
3.749917603247453039e-04
-1.986136113098585184e-04
1.028389414496580799e-05
2.995965163899510592e-06
-5.915083888244145726e-06
-2.525181354636425721e-06
-1.125736215083710076e-05
-5.214620227457341181e-05
1.444622171657135704e-05
1.540193854605810872e-05
1.844778527968974260e-05
2.696542704843784495e-05
-1.114502651082279443e-04
4.125490175891522858e-05
3.922286621578049184e-05
3.914207620803750588e-05
5.228572694841440640e-05
-2.202274180625734163e-06
1.810999575078954003e-06
-3.600465907974884287e-06
4.744085733395770902e-06
1.415040128922855320e-05
-6.455768540996865772e-07
-2.122733934035234963e-06
1.524280318722885963e-05
-1.951640698520749540e-05
2.600308503450215992e-05
-2.126831017923650337e-05
-3.027054398919926399e-05
-2.004108828008017941e-05
9.311457856364600388e-06
-2.133915298287953496e-05
1.100074943199717614e-05
2.160721474495447453e-06
1.312025020517251867e-05
1.105880360189858818e-05
-1.229972151894421439e-06
2.092609123703017103e-05
-4.133576127158474802e-06
1.026026512490293792e-05
-9.151044930912395370e-06
2.345905857874058619e-05
-9.098035304948365798e-04
1.342793040181882239e-03
-3.219578583761784394e-05
4.800637666034665124e-05
4.527543951777780019e-05
1.907171016076877825e-04
-1.705468621144252755e-04
-2.905774175555901812e-04
-3.775248821861569831e-04
2.769386138372301881e-04
3.948681760438288077e-04
-4.108088706794562142e-05
6.641745593670974419e-05
-1.672759945054781523e-05
1.316931322337579851e-05
-3.924326602329060524e-05
1.300448607037260954e-04
-2.151819186657254938e-04
-3.914432782885952109e-05
7.997214446057490363e-05
8.284920718093102701e-05
-3.898155092488559824e-05
1.451620862721501805e-04
-3.909730165526604183e-05
-1.466987615375534872e-04
-1.327442487114366063e-04
-4.626829036896596428e-05
-9.582326199209412372e-06
-3.461301612235195011e-05
-4.969530390800373227e-06
1.429565863948139908e-05
-1.482407815507059653e-05
-1.377024372121276407e-05
4.802350610266521280e-05
4.523271472266962150e-05
3.614544817633823194e-05
-3.578908249946015005e-05
4.195922534679880707e-05
-2.736817476456180001e-05
4.422051802764852128e-05
3.103441276366805948e-06
-7.334624101789333185e-06
-1.517024655648499999e-05
4.944496758752006799e-07
-3.356163550856854576e-06
2.849575070166907533e-05
-2.929928708046611771e-05
2.457569810030026504e-05
4.010427131640444173e-06
2.254524387171511450e-05
-1.590326943941716166e-05
-2.093320635869498625e-03
3.891598266829484742e-04
-3.009638397114936827e-05
1.380534452143233220e-04
6.297128193668785363e-05
-6.259947502222921846e-06
-9.835238851922361702e-04
-1.626412499049568257e-04
-1.228560802662714358e-03
-9.430675187167909443e-05
1.844968076483059684e-03
-1.784097199449114252e-05
9.265604964403526992e-06
3.148221858302481643e-05
-4.237913097917365567e-06
4.226608769156987828e-05
-4.186842703579723968e-05
-3.469425103297429144e-05
7.203254699425814709e-05
7.423727478529963133e-05
2.095391738825792480e-04
-2.720306639833993865e-04
4.054891272541929484e-04
-1.921834217384272073e-04
3.743932954677385377e-04
-1.345495195293006042e-04
2.713745045106636815e-05
-9.487272834720796366e-06
3.675117883036938454e-05
-7.916778354236627329e-06
1.675417320303304098e-05
-2.004885611156891322e-05
2.035227511584102196e-05
3.327693872442880123e-05
4.041258222218563665e-05
-4.092771436027030845e-05
6.449667871247420311e-05
-3.291309984373367832e-05
1.086938706203564045e-04
-4.998253574529624044e-05
-2.394018840415916067e-05
3.018380694887862724e-05
2.018837318915378450e-05
4.272141425694444156e-05
1.303077281275909259e-06
1.465989078452268079e-05
-1.181654813483599587e-05
1.244425650462562975e-05
-3.414250419040641129e-05
-7.656772894918602402e-06
6.797214572908967653e-05
-6.037697261557253793e-04
-1.389250156415137755e-04
1.597583233706843803e-05
2.918526048682904359e-06
-2.404870063319240427e-05
-7.118774460764823941e-05
-1.978925347729930344e-05
1.104158647377143830e-04
-7.299837464019078579e-05
8.674505228811365794e-04
2.541847251641682066e-04
-6.257228608605030136e-06
1.028099690858691561e-05
-1.212264873894819850e-05
2.365252420391215701e-05
-3.149100166449584358e-06
1.505023092664821745e-05
-2.551913817989203228e-05
2.058852875533245675e-05
-3.572773093239059412e-05
7.116562950279715943e-06
1.832852300561766822e-04
-1.975637880545071676e-04
-1.573561566064504529e-04
3.031680980396072434e-05
-2.125040238372478464e-04
8.124619177310618312e-07
2.845215520971938819e-06
5.290300153984016819e-06
-6.417379674468241849e-06
-1.607206093028286091e-05
-6.094920762611426931e-06
1.229008618691139215e-05
7.162345620133481291e-06
-8.404321281086569897e-06
-1.614863938487909229e-06
-2.974644723075898381e-06
7.072975841946190997e-05
-1.219746939759015195e-05
-1.401547525736452003e-05
1.218130789268245020e-05
-4.797288728465035895e-06
3.545400673975399708e-06
-8.093779534566272014e-06
-2.151165597407535795e-06
-3.375708325642860221e-05
2.253725551698781848e-05
-2.472868292952824055e-05
-5.953471832848536577e-06
2.802228770160626928e-05
-5.175951358995728929e-05
-7.734355537985133922e-04
5.721694253449899863e-05
1.759795161029486436e-05
-7.504765921096896231e-05
-8.787155288668514749e-06
-3.836538296291508541e-05
4.831958059479316676e-04
9.572209791659098933e-05
3.832074628163846010e-04
9.110762152970518094e-04
-1.150901426526128183e-03
1.932449012175317012e-06
-4.981088080384496637e-05
-5.929850773782413623e-05
3.599782851573771371e-05
-1.673797468692953433e-05
1.692198509227652456e-06
9.959793812823826192e-05
2.306558765464592972e-04
-6.474767510958959204e-05
2.347580670485338572e-04
-1.353057964931909073e-04
4.345125470674151484e-04
1.829395160355616579e-04
4.015399258283124172e-05
3.459987963075582262e-04
1.325809048176256073e-05
1.167136089667788068e-05
-2.517399174084174744e-06
-1.203360229446587440e-05
-1.122319354619546265e-05
-4.254834444725329217e-05
9.055042721735024681e-06
-8.501685135601395329e-05
-7.905651562489337514e-06
-8.781632210890881463e-05
4.558435028017246459e-05
1.717820673800981690e-06
1.000786348355487532e-04
-1.177391427943671056e-05
-2.003549890082398825e-06
-9.771768310709912509e-06
6.286245109709507935e-06
2.382209166062585822e-06
-1.422681217343365366e-05
3.173429395679531150e-05
-8.090118956197552219e-06
2.686247077532292227e-06
1.428521894385024727e-05
1.881316199689583171e-06
1.403491129943417013e-05
-2.693447419313592058e-04
-2.574138341598120354e-04
-4.690460226702047754e-06
1.687933279935536037e-05
1.171409147446507740e-05
4.110488746373070233e-05
-6.435882490997972994e-05
-8.020359955390740712e-05
5.587213579533362623e-05
-1.596158298199227871e-04
-1.195182940705551551e-04
-9.634050921451037380e-06
1.921053617011019967e-05
1.495959485625834999e-06
-2.992279474976687330e-07
1.838402835086042518e-06
3.866754379782196574e-05
-8.029160066992124009e-05
-3.695201511360806599e-05
3.890112718994084986e-05
-2.902525069376613233e-06
2.008055772504142365e-05
-4.503383727287714282e-05
-2.002380168079424648e-05
-1.666220611068994797e-06
-4.001208590828688865e-05
1.035115066612185127e-05
4.402315578090321396e-06
9.632700195847811030e-07
-2.732261883073700744e-06
1.370760743385962327e-05
3.603804937696177788e-06
-4.049457361643907413e-06
-2.757609851382315861e-05
2.359164965001795615e-05
-3.788104797321127182e-05
-1.074850996340993633e-05
5.187517493010205819e-07
-1.837203609851679418e-05
9.907429857780181289e-06
3.008647039055118912e-06
-1.160489414982054825e-05
1.191364463606455437e-05
-1.161150696846572369e-05
-1.909655559124845403e-06
3.053746805227277934e-06
-4.325078140359287875e-06
-4.670589876218271420e-07
-3.880097264677789568e-06
9.610505445675240996e-06
-1.204934828009643618e-05
-9.955006991990266590e-04
1.236367679399327476e-05
1.797941244996585549e-05
3.114195021198638349e-06
-3.900793260536135283e-05
-1.403159326188080413e-04
5.516604679767762070e-06
3.120844337745768749e-04
-2.459500359192557238e-05
-3.415719914497966506e-04
4.477221046771230015e-05
1.266647349273365056e-05
-2.768559548829834389e-05
-1.275666655905600720e-05
1.262405631340441439e-05
4.573147505653187075e-06
-3.721241744821347715e-05
8.197305652670941597e-05
-4.887417628135124446e-05
5.019590128510494851e-05
-7.450029665735437379e-06
-4.755882475964137501e-05
1.049980885715599171e-04
4.542550705692341927e-05
-4.648022358592806733e-05
-1.145150653888104997e-05
2.295077111221109835e-06
-7.298453000215836972e-06
8.145738983300473350e-06
1.144544441170152708e-05
-1.769413731445677201e-05
4.235922738475841584e-06
-4.020437202438757279e-07
-1.612752134156050836e-05
3.342852133011435821e-05
-4.838311297688452833e-05
-9.651220589674010440e-06
2.057739575207474681e-05
6.133633797242180817e-06
-5.706836046713795337e-06
-5.756567215915504178e-07
2.855250413834826796e-06
-4.570136307957606505e-06
5.363190754188715426e-06
-3.496885321660891040e-06
-6.678780663802065619e-07
-7.134195020904579901e-06
9.583241268314914340e-07
-8.160898062818251652e-06
-6.518872908597542722e-06
3.781930961985642401e-05
1.883321776502283346e-04
1.411832028278053256e-04
-3.594547723407334077e-07
3.312956902641805784e-06
-1.559238566840157969e-06
4.118214789339238373e-06
4.109668899335427333e-05
-2.147712335406989331e-06
1.091637792059060278e-04
-7.121610780759892508e-05
-2.542694745050409462e-04
-2.578793661945038859e-06
5.826257877706013822e-06
-9.405886866788436499e-06
5.704057617991241196e-06
-6.975050894958028455e-06
1.211162498344801341e-05
-2.627386745107654627e-05
3.382860176896986166e-05
-1.768698541012480907e-05
3.038695677044386418e-05
1.712918966887820677e-05
-4.167653800293772418e-05
7.289870318899136208e-05
-4.250301102274129598e-05
5.198488976931727541e-05
1.601880996316472640e-06
6.724284824540845089e-06
-6.219100772275304486e-06
1.349572194927332834e-06
-1.645018357269356601e-06
1.779853794589730799e-06
-7.186861004162427631e-07
2.626134353277708282e-05
-2.202179517119399105e-05
4.414598152463912445e-05
-5.495854394565385730e-06
9.183921977636838184e-06
-4.415879865428792278e-06
1.564082639366091032e-06
1.397538629846555018e-06
-3.311154469995594544e-06
5.951300736471601909e-06
-6.041545282421649854e-06
-6.040382364454239828e-06
3.202223259129178672e-06
-8.311502393524041984e-06
2.519956773092383569e-06
-6.499401179347076111e-06
-1.477451238792478284e-06
2.010527817882743076e-05
-3.775776340154777394e-04
-3.467553998704512273e-04
-5.403832666010202888e-06
-4.111355915460152867e-07
1.375761285713390463e-05
4.337888838100226999e-05
-3.879095093449763546e-05
-1.004219407243796264e-04
2.852960346318190196e-05
-7.863303757392895777e-05
-3.072841945239748572e-05
3.160068425862565153e-06
-7.607109796968494021e-06
1.031891245447487639e-06
4.784609423063538574e-07
2.899975987732273542e-06
3.936302894842568686e-06
-8.192659427637969785e-06
-4.044774707043602516e-05
4.035599653863012167e-05
3.174749282241332934e-06
-8.859892057958361675e-08
9.946105128436932117e-06
3.239289625446599229e-05
-3.459369010652682059e-05
-1.884450159341423544e-05
2.604404630150508928e-06
8.391613475986530921e-06
-8.770156564669094083e-06
-2.480660137781564871e-06
1.559239851556064497e-05
6.068887266295410157e-06
-5.373439198329106369e-06
-1.017297640136155273e-05
-3.462065619807792208e-06
-1.633519432706771368e-06
-1.380814667154847965e-05
-1.151744225192556995e-06
-1.944213929642290829e-05
1.030561283217772363e-05
2.295877913836507440e-06
-5.426440484289474509e-06
7.488000153442397846e-06
-9.937855452255166919e-06
-3.788560440386457610e-06
8.892863369023391255e-06
-4.065920974741308374e-06
1.859182046138644907e-06
1.154293230379758870e-06
