1.379134890151087334e-05
-5.541890547971454074e-05
3.070240005276985378e-05
-1.551452183649020943e-04
8.990333463054458367e-05
-2.766227249240856464e-05
3.693401953580934287e-04
-6.464325113653555032e-04
-8.528774773116483898e-05
-2.788115582893869321e-03
-1.171368836202580835e-05
-3.585105716531475240e-06
1.774696119322762721e-05
-8.787212013211855575e-05
8.395652028993177450e-06
1.390445223762670583e-04
-1.296980719342474624e-04
-1.747311900080235952e-05
2.000519651505867024e-04
4.057060175896702342e-05
4.447401862690724192e-05
-5.525422092047186084e-05
3.123373654162781704e-04
-1.978895847608054537e-04
-5.266854736061182341e-04
5.396529920111670618e-04
5.268716404717059890e-04
-7.478224006964357589e-04
-1.708535020844392902e-04
7.897148004577457222e-04
4.183099561994904733e-04
4.051287277934243099e-05
-6.292431261728168024e-05
8.275950358162114404e-05
-1.290600868358346258e-04
4.240518226204959419e-05
1.409536057896483205e-04
-2.163035726044862524e-04
2.803535934591041287e-04
-4.413120425406403548e-04
1.400078175572164955e-04
2.866815538661295027e-04
-4.728349964992871598e-04
5.465205200575161404e-04
-8.110467109386418870e-04
3.324450776098614689e-04
-1.429420001227381788e-04
3.685212022265633666e-04
5.274592271962221012e-04
-9.459755631761568003e-04
-3.674375075851895499e-05
1.569625110063543568e-04
-2.954717043175098088e-04
2.352646240475313381e-05
1.184287090092884494e-05
1.363668501487116437e-04
4.309991662154066165e-05
1.359683484839077630e-05
1.895049219824010498e-05
1.626115375725144016e-06
6.242493658865923246e-05
-5.678520664406528727e-06
7.133400063224357092e-06
1.388546288033272740e-04
2.414975461067311478e-04
3.932090472728674331e-05
-7.942698443929681253e-05
-1.626050749885881396e-04
-7.094714396177913492e-06
1.728517041698526249e-04
2.308870593397256384e-04
-3.958715010979702112e-05
2.685390968059267578e-04
-2.816030783328563085e-05
-2.361263686231901274e-04
1.018195705232614214e-05
1.670643190589584238e-04
-5.609741911246555980e-06
1.525746569065444294e-05
-3.253043101793658766e-05
-3.833488079171939506e-06
4.384348848596242092e-05
6.207950356974068851e-05
-3.431877229365643374e-05
-7.849016921509531416e-06
2.734760971311649296e-05
2.861202995140497634e-05
1.298347397616209322e-05
-3.744922141008255611e-05
1.020777052874143901e-05
-1.462643763234379583e-05
8.715113607943184102e-05
-1.296255704064088940e-04
3.898006729509212941e-05
-3.814072459513011710e-05
7.896422141185463860e-06
2.956041822152162475e-05
-3.918543776137417274e-05
3.194780980085931503e-05
-1.984255057653274375e-05
-8.078787257957564279e-06
5.698976438937245620e-06
2.052637978839857522e-05
1.515623431722472177e-05
1.093046426874053822e-05
-1.238520076109904031e-05
-2.767007022266377501e-05
-2.127823713515858309e-04
-2.514126087829363456e-04
-9.103306218970249730e-04
5.338247819260514719e-05
-1.493853092732569409e-04
8.407794270599295693e-04
-2.032185535211010702e-04
2.482567376503534273e-03
1.942001111225151976e-03
-2.465264961321540679e-05
3.410653855198423967e-05
4.381921622900640187e-05
-1.196721109694288520e-04
2.271137374404825723e-04
2.404927550075379894e-04
-6.412358738622313920e-05
5.840787362496945663e-05
1.047229470716360176e-04
1.338291359134131692e-04
-2.771665704856807449e-04
-2.567863049261851632e-04
4.440557819007084624e-04
-7.253734116494338011e-04
-8.665739501536881897e-04
-4.494794774091430043e-04
1.114269465234763671e-03
9.572376736566489070e-04
-6.990936094140267254e-05
1.434546660773050944e-03
4.298122001965583978e-04
-3.442736135200904460e-04
1.497913684802900389e-04
-9.793995600544354915e-05
9.489345746027242528e-04
6.263193697828909039e-04
-9.704733907017198003e-04
3.149597488847193376e-04
-3.288290372514940363e-04
2.909927605784982160e-03
1.926251930059923526e-03
-1.108759651371366527e-03
5.598298295690873295e-04
-4.175058770145833871e-04
3.069159488961814737e-03
1.832288899311609832e-03
-5.009234002033340289e-05
-5.006764208170906214e-04
-2.123869680873712625e-04
1.289580427066650079e-03
9.440799511103067356e-04
4.319308730370478400e-05
-2.461977845215703484e-04
7.025972546965364939e-05
1.630096342199819357e-04
3.496340573569028443e-04
9.820697311789202723e-05
3.555739718210833424e-05
-2.582100343163745332e-05
8.398688725936650113e-05
2.637646135262704142e-04
6.334659916882929740e-05
-9.883516310017478933e-05
3.158472091156506447e-04
2.136672419896328804e-04
-1.767871926712993183e-05
1.141678999646328390e-04
6.047790656911214381e-04
7.844110145951761640e-05
-9.749386638758035419e-05
2.050482931951170488e-04
2.108769844249133225e-05
1.380690224465492264e-04
-3.426691749823466141e-05
3.559483451332800565e-04
-1.134790410812053886e-04
6.397720474595292668e-05
2.795131054142577251e-05
-3.576219619776945750e-05
-6.711895204030785271e-05
-2.986724708492862870e-05
-2.509279753573423079e-05
-2.190310296969624971e-05
2.912674452579170793e-06
4.241546624040798213e-05
4.669487863207961298e-05
5.489608856513893903e-06
-3.320938726834732674e-06
-1.554592236279866155e-04
-3.122483905051189464e-05
4.697947212687577409e-05
-4.377273979243151810e-05
8.147787908321968994e-05
-7.854343284018341031e-06
1.319274699621773817e-04
-3.683356458206246833e-05
-3.234202429932617868e-05
-1.171715922868873449e-05
4.446911891734083581e-05
1.508105314017775258e-05
2.834106644216286626e-05
-3.994782233164323216e-06
-5.277522729089505768e-05
-6.650132908265707224e-05
-1.314834540895078891e-05
2.683155228489239073e-05
1.924051196460340319e-04
-7.132975624836133954e-04
5.232661620416675062e-04
-2.053338707789897476e-03
6.954524218860069730e-04
-1.004549354381051827e-03
2.142915293699040359e-03
-1.850910088388736966e-03
4.626171748268873181e-03
8.488513248111976758e-03
6.327279953826030750e-06
1.079206921080103682e-06
-1.000312580691103201e-05
4.953586559078820676e-05
-5.072472611547076721e-05
-6.832241322515979274e-05
6.904186708972732175e-05
-2.271983978497534493e-05
-9.843814445940187385e-05
-4.067536514394346902e-05
2.460209570746672118e-05
7.646441871664170012e-05
-2.273288858316298126e-04
3.028981433392689067e-04
3.431833694465000282e-04
2.061905017891363411e-04
-2.843687547218353329e-04
-4.327045294241461883e-04
-1.240841341678407261e-03
-2.100061999845004822e-03
1.461446383942443302e-03
-1.651126439010174127e-04
-2.489710981793548559e-05
-7.160466293448630563e-05
6.909098166692136675e-04
5.050115948934426465e-04
-5.887486058716731932e-04
-1.246603474024745879e-04
-2.618517036595426994e-04
2.478882033155388985e-03
1.826532141068728816e-03
-1.026407520542464615e-03
1.491351781396952127e-05
-3.568867261336834532e-04
3.842369050506615376e-03
2.830616984206311276e-03
-1.591879863159694690e-04
-4.972335432708258150e-04
-3.343564467834102445e-04
1.812988778157852360e-03
1.254006010840779664e-03
2.151036784043967604e-03
-3.311405750577521047e-03
-8.851008007535670708e-04
4.977052282470216310e-04
-9.028596405399618612e-05
-4.396386684302918107e-04
-2.711632080606954007e-04
-1.159797214493490144e-04
-4.111633097651951773e-05
-4.368972977354666537e-04
-5.129100800252099629e-05
-5.540142635019024657e-05
-6.817470263366346046e-04
-6.531418429050479379e-04
1.124525159843958184e-05
-1.534815733258334126e-04
-6.787497701285384990e-04
-2.482509078329306188e-04
3.319823520513429598e-05
1.899000697251137726e-05
-3.695472096723465059e-04
3.259950776551988252e-04
2.869433578908228669e-05
-6.105847787934679275e-04
6.800259308924030738e-05
9.360467100849883973e-05
1.316564629440968362e-04
-2.372031632675540840e-05
-1.523503760334827433e-04
-7.780624044489461955e-05
-2.409449205673605158e-05
-4.909693715682109815e-05
-4.947981550309475267e-05
-4.982278250118840304e-05
1.092514309632037101e-05
4.292616448006789375e-05
6.340029589291328960e-05
-3.835010230223368172e-04
1.106732176537302058e-04
-1.979685274714891477e-04
-1.211054928250726348e-04
-7.016677545713686343e-05
2.468137840901236360e-04
-2.923307351408470494e-05
7.702599809899177694e-05
5.277807445451392651e-05
4.740392687707444767e-05
-2.018312118109464535e-05
2.964245004704213153e-06
-3.280158844904295837e-05
-3.440367235312453986e-05
1.032428024130637540e-04
1.111832109207128607e-05
5.451141929576529065e-05
6.368165261825625409e-06
1.869368992323339678e-05
-1.018854995551877549e-05
9.964041459899118062e-05
2.575090196920788228e-05
2.309579033038340265e-04
-1.032712176203048004e-04
5.533656208749080166e-04
-1.839791477743780209e-03
1.440594045458818903e-03
-1.142087769486666840e-03
1.515741445879930059e-05
3.374794552562068195e-06
-2.162658124203943965e-05
6.859502949368999119e-05
1.509516764748097340e-04
-8.456994551829793028e-05
1.365555184307432502e-04
1.258561608173505751e-04
-1.859138618991636736e-04
-6.470433144888570803e-05
4.181653508320267516e-05
9.461310956810127938e-05
-2.642807984001765758e-04
-8.081179089374703351e-04
3.051709216260613364e-04
-2.601753513984384186e-04
4.850883248495331253e-04
4.230178404165796770e-04
1.345061218057105185e-03
-2.227927950127728436e-03
-2.536616433511231037e-03
1.891875275399486651e-05
7.306596679796936008e-06
8.237893021038864591e-05
-1.892329643587716643e-04
-2.657353114400248952e-05
1.410447328496602698e-04
-7.583880497292996208e-05
2.495642171168589675e-04
-6.933059198310582896e-04
-1.468609304412434068e-04
3.781487499278128812e-05
1.104315974085511227e-04
4.993519183171052844e-04
-1.046787668775226582e-03
-9.363330912146689781e-05
5.485481928280874211e-04
-5.389529172969092065e-04
1.525507733488860092e-04
-8.210425631550450753e-04
-3.840685534778894928e-04
1.747362622287793965e-04
2.278404418021117003e-05
-7.201086729340171145e-04
3.837370762259707823e-04
-8.495679946561903850e-04
1.403907457630696007e-04
4.780820814075837256e-05
2.241579492191943591e-06
8.471637778285073122e-05
2.847625393780192269e-04
5.292518510207971320e-05
-7.881002242951981574e-05
-1.468762804136589757e-04
8.213431692430144188e-05
-3.193586670297351039e-04
-6.155585781631286000e-06
6.093484427734567957e-04
-7.662863779150236310e-05
-1.764863579420669951e-04
2.542892346636767731e-04
5.302887164476995489e-07
1.980021823063487748e-04
-1.248009244799199423e-04
4.299241114529343236e-04
-2.258305431729805228e-04
1.587462102267064325e-04
3.259024089142426134e-06
2.658941497918844210e-05
-8.519554693793272870e-05
-7.377477307752776857e-06
6.756062673227982655e-05
8.112677335652764314e-05
-4.972015586816124459e-05
-1.701118108751789921e-05
5.272947116651101535e-05
-3.396553146707932740e-05
2.278256878016639118e-05
-1.092566394707207052e-04
6.408732911282851194e-06
1.121042221175539056e-04
2.427369566080387082e-05
5.433830316143830930e-05
-4.521353174710784857e-05
1.207821355059305967e-04
-2.345377998113498140e-05
-5.383320028007354789e-06
-1.598907244988992103e-05
1.871680326092438110e-05
-2.856925142480255120e-05
5.678066819788364991e-05
1.697976925220154757e-05
-3.908251366863807735e-05
-2.742158368987368715e-05
2.049882491965236488e-05
-2.550903950733552278e-05
1.242001074474302766e-04
-4.358615417108098965e-04
3.582781432082290897e-04
-1.232517754486655258e-03
4.918334500674143321e-04
-6.523595463387023936e-04
1.285457633649843149e-03
-1.089961408723849655e-03
1.793774735490907043e-03
-1.763942530664178079e-03
-6.278696180568137007e-06
6.932002814976240324e-06
8.223972439982666667e-07
5.521952317149274862e-05
-6.857470250159736463e-05
-1.448698317178543087e-04
3.710802877199521432e-06
-1.098715226464953628e-05
-9.725810484067636550e-05
8.611603543090080783e-05
-1.900279343353306980e-05
-9.689150595028285431e-05
-3.812511962761026699e-04
2.994523741871593040e-04
8.210838339192351107e-04
2.600704152668349657e-04
-6.550329327481598505e-05
-5.116686434529212155e-05
1.290572883051624041e-03
-6.593325833481111309e-04
-2.160670567292461222e-03
-1.481106490225643870e-04
3.864047139808050564e-06
-4.610464540929871605e-05
4.155676272940416220e-04
3.028369597949157033e-04
-4.501545024441365082e-04
-1.169027423194393157e-04
-1.457963345002140246e-04
1.521264993783948615e-03
1.113073050469181582e-03
-1.018872584019402160e-03
2.847368775311811900e-04
-3.452226879441180766e-04
2.586383362233535960e-03
1.686321305525380560e-03
1.066850629521320454e-04
-1.140431630640448193e-03
1.203441309414127674e-04
1.399764508373762531e-03
1.566103332507207862e-03
-2.611533912204807868e-04
3.870283862843154968e-04
-3.506100907298957160e-04
4.669083071351687883e-04
-2.744469741357522820e-04
-2.294089319512229361e-04
-1.401036751350374584e-04
-8.081465875030837364e-05
-8.286587709458827355e-06
-1.118642317019626276e-04
-2.754158821142560567e-06
-8.895283185852563730e-05
-3.114157702231062138e-04
-3.452230296998955086e-04
-5.573380982741637184e-05
8.647803619828505926e-06
2.342712213590745441e-05
-9.686629606731189256e-05
-2.038825090343209174e-04
4.250434187966175593e-04
-4.196814337318194852e-04
4.882640028186873674e-04
1.303264544946028673e-04
7.627657952308426487e-05
1.219362365096938479e-04
-4.227400130069882219e-05
8.811435559892772176e-05
-5.091218734242412403e-06
-6.539821985126109726e-05
-2.974532699768051732e-05
-1.110913251223737702e-05
-2.423807118362519104e-05
-3.273201589461393756e-05
-4.842679061361492726e-05
-1.736097573297073189e-05
3.965408993621358387e-05
-5.644018385448470500e-05
6.506757827984260964e-05
-2.257598492074377525e-05
-7.882815462805384883e-05
-1.603625537599146530e-04
7.261622158023275638e-05
-4.880730836753327225e-05
7.043198525271389582e-06
-1.030215338813063299e-07
7.834034298585557674e-06
4.577351956483421394e-05
-1.153559862529610972e-05
1.632473946707751439e-05
-2.523340610788495452e-05
-4.384099263499265591e-05
2.899400214579924185e-05
-4.520053501080594259e-05
1.283427951947156698e-05
4.139996884550969995e-05
-5.588674317033657137e-06
1.251778376686292287e-04
7.128135105691981875e-05
4.577681653645836787e-04
2.826564648464776610e-04
2.465445486880346262e-05
5.368354836338262845e-04
-2.903234742914989272e-03
1.260830501864224984e-03
-2.517034898116404188e-03
-3.115808237421556026e-06
-2.949367493613118669e-06
-1.558463117861716606e-05
2.794023849132569405e-05
-4.111941028995811970e-05
-5.792095938316336773e-05
1.304159812367387979e-05
-5.087950068370192150e-05
-1.374354196036907567e-04
9.328924796966279586e-05
-3.794651208246284461e-05
-8.479274569129481522e-06
-5.020344628465452954e-05
1.277640821508255219e-04
1.175444232275217929e-04
-3.439924920450290659e-04
-1.725157298880472024e-04
5.426264424884994463e-04
-1.025135372111542361e-04
1.939964601248954455e-03
7.343339276895949471e-04
1.261403216011581748e-04
-1.511659363734684721e-05
4.796504400359152072e-05
-4.389094970081949300e-04
-2.980122007891227473e-04
4.299391638626468178e-04
-9.149676862822766772e-05
1.586140606599867819e-04
-1.695851050627180138e-03
-1.208753389225011073e-03
6.491512220819998635e-04
7.284636037820469508e-05
3.654650920110272001e-04
-2.403580731604855036e-03
-1.755802860732541331e-03
9.083641856177202423e-04
-7.228494840105647180e-04
2.641468272159440606e-04
-2.199043089746468855e-03
-1.635027049819932736e-03
4.831791461417215302e-04
-2.689893953698764550e-04
-1.771805794595787817e-03
1.288270893867190549e-03
-1.898776164401868877e-03
5.180417400110482167e-04
2.414444222562806691e-04
-9.604825976956409429e-05
1.313391683562856020e-04
9.379916173719496765e-04
2.523572498901648586e-04
-2.342346922492291789e-04
7.323623918211417949e-04
5.113608755334707930e-04
-3.167405220803808054e-04
1.996297447123844201e-04
1.574835089634917234e-03
3.782132015702904804e-04
-4.052937803535277108e-04
6.200447178754349203e-04
-3.009011915697908579e-04
7.311065878208381505e-04
-9.041646397552475828e-05
7.115136713533453013e-04
-3.580346193145545223e-04
3.197060711583562306e-04
8.593162518402546748e-05
1.173173487078118748e-05
-1.145867817131158729e-04
1.823520313752255132e-06
-1.561414796133870725e-05
3.164795578098391618e-05
-1.230412911360442309e-04
-7.306622749554674164e-05
-1.759553434099724067e-05
1.967369161402598068e-05
-7.632016351330749706e-07
-1.117504756490533260e-04
6.079161254824220589e-05
2.894381603645826252e-05
-1.462781877431121921e-04
1.158565245639439146e-04
2.983011609642820735e-05
4.730520372131747313e-05
-7.457522034525146805e-05
-4.102197508895125935e-05
-1.097793457384953287e-05
6.965840658280787029e-05
-1.027887984608855085e-06
9.519593148792210020e-05
7.548785001290812748e-05
-1.770346989625065388e-04
-4.814733246646197900e-05
-4.706974074043111025e-05
3.179886620294113722e-05
1.567372987005466380e-04
-6.035147027734757887e-04
4.051178415817529395e-04
-1.751910226299520758e-03
5.612221830123687158e-04
-8.013003110664497410e-04
1.876181618745084018e-03
-1.943834794070824689e-03
2.026860019162035360e-03
8.809758831875312557e-03
-2.278175467841102132e-06
-6.280692070692694325e-06
5.995156356206676331e-06
9.602550027547691782e-05
-2.074619514232717212e-04
-1.101247288539671616e-04
5.632861399710370942e-05
-1.812324888729939282e-04
-4.122446955462790390e-05
1.371097681651971937e-05
-9.477957602143998687e-05
-2.302138356166809249e-05
-4.890321895546799252e-04
1.208502914584128020e-03
6.564347327654323268e-04
6.262788501642005097e-04
-7.309373881843440153e-04
-1.359635297356630952e-03
-2.967812021812754413e-04
3.060495267474581862e-03
8.239523709762191193e-04
-2.023555666562742137e-04
-3.228655406408125882e-05
4.662978535504293763e-05
6.193584908220348996e-04
4.701601871966133652e-04
-6.805926137824475477e-04
-1.486535725365001716e-04
9.858347432266617409e-05
2.298436922475432034e-03
1.680635924539135122e-03
-1.320214832872406568e-03
-5.960857977780204393e-05
4.332819884908782767e-04
3.605896539776606586e-03
2.965281919027203030e-03
-3.871882402394935074e-04
-3.611401179117571555e-04
-8.139058547496518838e-04
3.058775781079166745e-03
8.790245802150031644e-04
-7.175657807657248642e-05
4.255585745511278729e-05
8.691053952145483513e-05
-4.351502401535472690e-05
-1.848467354602311531e-05
-1.574834820614940312e-04
5.462549192626702757e-05
-2.763339607368855058e-05
-7.509163878791782847e-05
-4.542424460326734614e-04
3.230862247112529313e-05
7.519106809638683852e-05
-4.353213601206192668e-05
1.547041365729514087e-04
1.658347563272721717e-04
-1.029713105247759508e-04
-6.539473970964303825e-04
2.146165657065121383e-05
2.228539920456397438e-04
1.483858402287325747e-04
-6.799842207666883642e-04
8.397041000556918497e-04
-2.901649560059762416e-04
-4.041625031035893986e-04
-4.612132521453861985e-04
5.631293135169280172e-04
5.600783058925044822e-05
1.761326044471392391e-05
-1.100804432750811273e-04
-5.667626952554727062e-05
3.996615337835109300e-05
1.944400956210685263e-05
-4.585079449045516498e-05
-5.115824658610689413e-05
5.651924111977649440e-05
7.852863574063772287e-05
-2.271140702629489906e-04
-1.399996278593101182e-05
-2.617669822687144739e-04
4.401937889576258386e-05
1.550506960067471376e-04
-9.757009619103789854e-05
5.807789392915335653e-05
2.487074746155812409e-04
3.104091240024955842e-05
2.325814122403319667e-05
-4.179741667886372836e-05
2.450890814122775517e-05
2.080424058115394606e-05
-2.819399204332334277e-05
9.193058664947160815e-07
7.106224046366282140e-05
2.670965543539206155e-05
-4.604781865092070059e-06
2.633158430589139074e-07
3.924341912455754644e-05
-1.087454262994396131e-04
1.357341542878484869e-04
-2.756466559312072953e-04
2.965858597892570775e-04
-2.041536542518800979e-04
9.705703763749912042e-04
-2.292712464569259499e-03
-2.535520775775704333e-05
-7.612109499770064458e-03
1.663116654712918056e-06
-2.112233107024506657e-05
-5.158549040912837928e-06
-8.854412843052860685e-05
-9.036572531678884119e-05
1.324630621063319406e-04
-5.525450547000277811e-05
-1.888988026431835318e-04
6.764180819761406930e-05
-4.665813581353848164e-05
5.826394126108433495e-05
7.008147901718836425e-05
4.985025594517917017e-04
3.423999190292935976e-04
-7.453962656662362464e-04
-6.100711339550034555e-04
5.878496606416556275e-04
1.000406773896996308e-03
-4.976651039094979762e-04
-2.404469213686060824e-03
3.886616514103937228e-04
-3.257340085665730376e-06
4.520691278819211826e-05
-4.889607918951105556e-05
2.216192035347488561e-05
-9.175997297018383223e-05
5.802546105396140822e-05
1.042264462844271665e-04
-1.731430996779625042e-04
-7.245893524865146918e-06
-3.705592923088739518e-04
-9.440673644218592383e-05
2.951548379075948710e-04
-2.831386318834180926e-04
2.439067500114678677e-04
-4.134685206049920105e-04
5.362467993266576945e-04
-4.923204883046024575e-04
-3.410254041109166134e-04
-1.309943238331827083e-04
-6.066116523948626976e-04
3.788329515583338280e-06
-1.570213377274027656e-04
5.637241256757289775e-04
-5.083153032049591473e-04
6.017181640305644145e-04
3.154108697963961669e-04
2.440690919011311250e-04
8.011957584401659116e-05
5.244381274115844389e-05
2.690771418375668099e-04
4.713810748501965215e-05
5.801627053264247271e-05
7.082039682274867071e-04
4.582124410415039329e-04
1.290997137571877988e-04
3.710514895142533599e-04
5.996684261187750874e-06
5.958378115360877820e-04
-1.001953344647180729e-04
3.261478512443797195e-04
1.660480738256541063e-04
3.101499615710861575e-05
2.043488678252690057e-04
3.003763625705383020e-04
1.751144691164837003e-04
-6.636544563837871655e-05
9.171314245932816881e-05
2.013766311492646107e-05
1.155364981986597959e-05
-9.892158413863230487e-06
-5.440712108026671945e-05
-5.552640633023545302e-05
-5.415590282537103488e-05
-7.836084407290987608e-05
-1.231051001048685486e-04
1.704134579452260749e-04
-2.156120224843687590e-04
1.115805258895600339e-04
-1.872974999144674129e-04
-1.568862807923046792e-04
-1.885937976505628981e-04
6.493152437579404000e-05
-8.355659557837458973e-06
1.027569567341885060e-05
-5.042695244506482125e-05
-6.108817387213184315e-05
-8.720679344566665071e-07
-9.787843453828463114e-06
1.705356538929115169e-05
1.433691435052163558e-05
3.037897997632419679e-07
-4.764446456970406970e-05
-3.922292641280929068e-05
-3.454590661529021535e-05
-4.913581354186599424e-06
1.530637495060401123e-05
-5.615294186661104166e-04
-1.471144606794377678e-04
-2.031263607869530485e-03
3.200419083406038181e-04
-1.011999286706687443e-03
2.138339587091577995e-03
-2.089654972264977980e-04
7.003136670692975199e-03
1.152820064362728401e-02
-9.484784550215955923e-05
-4.490447584566449612e-05
-3.158767962099373329e-05
-1.710776905421237286e-04
-2.990408823402886519e-04
-4.442614392948996045e-04
-4.074119059105303403e-04
-1.692375492944435682e-04
-1.414934109489372012e-04
3.851125857584672386e-04
1.218424567288210129e-04
4.738008494891121750e-05
5.982177139848421235e-04
1.689478275234224417e-03
1.685441738633169364e-03
5.108193659175711216e-04
-2.723879473800059747e-03
4.925357834800555721e-04
9.081603986888941603e-04
-7.126048369809948567e-03
-2.367653030434752753e-03
-3.066183721220360771e-04
2.058181149801308854e-04
-4.848370401508539482e-04
1.148893329962797109e-03
1.571950061506076834e-03
-9.247452848110059801e-04
4.976511311173445170e-04
-1.603310091683668405e-03
3.894029545329011788e-03
5.271763635252215904e-03
-1.464832930808444324e-03
1.045463632488652329e-03
-1.831915073026187026e-03
4.985748528672022742e-03
7.127413186707686615e-03
1.115965202602876030e-04
-5.966776124849894770e-04
-1.690555165227387163e-03
3.028429373672655769e-03
3.498825676677757776e-03
7.771758335760092827e-04
-1.269346664327519183e-03
-6.345301894985322204e-04
7.360830397249080483e-04
-4.530581096860643742e-05
-4.060433827957106315e-04
-4.132672393095630369e-04
-2.075159027491909063e-04
-1.379713080419741960e-04
1.096153567356199259e-04
3.728915042856216613e-05
-1.756335510394668948e-04
-2.211357231033197514e-04
-7.168800832855834341e-04
-6.991356461340121869e-05
-4.888223774692342311e-04
-2.423809656618717483e-04
-3.069103646730439602e-04
2.844647299239227967e-04
4.688896397212642458e-04
3.291446705016705886e-04
-3.051658497460132285e-04
1.014260180590422048e-04
3.464257389089843778e-04
2.180489009827676244e-04
-1.536176328263171763e-05
7.699574884208454695e-06
1.046714243696519013e-05
-1.773278595394134859e-04
-5.495416129644453305e-05
-8.211011009614382905e-05
-9.070834212884105855e-05
6.891626504099276299e-05
5.564721856131873984e-05
1.127218665247359513e-04
-8.670049043827742581e-05
6.976434600028277823e-05
-3.591443470498234926e-04
-1.287952426814017341e-05
2.448713894805434053e-05
-9.086593338022840472e-05
1.376803640784370997e-04
5.487612033565822785e-05
3.303042969244669616e-04
-2.909430180875239739e-05
5.462045985877447504e-05
6.441896088299565374e-05
-3.382604940912036781e-05
-6.045823391586017492e-05
-1.116900307289953570e-05
-1.992111379270393245e-05
5.036433125267037510e-05
-2.295705615028789754e-05
4.748870921269443470e-05
-3.666443894334677818e-05
-2.899936815867384311e-05
5.655444395231800769e-04
7.888229235950014267e-05
2.006198277113795721e-03
-3.711126794866300956e-04
1.128988445940268259e-03
-2.158798244785385505e-03
-1.553532749267646238e-04
-5.619219008028530915e-03
-8.866850665812196081e-03
2.374849051275245920e-05
-6.759335819681487557e-05
5.043018214741056801e-05
2.540499549001641014e-04
-3.609088567124489827e-04
-8.245670258156037862e-05
1.110010074782645929e-04
-2.786568007536802246e-04
2.160812343850083029e-04
-3.858186106998927941e-05
2.354997870707426356e-04
-2.787364134195480757e-04
-8.948536743561861595e-04
1.719974922643367071e-03
4.330297241571292579e-04
-5.875127794044289042e-04
-1.969752551850828017e-03
-3.250156696518484087e-04
2.595429173246763190e-04
-6.754192528695337518e-03
-2.324164313556876301e-03
5.162592309688364281e-04
6.101616538132419512e-05
-1.141804688060095777e-04
-1.608950513989787848e-03
-1.131427777098120832e-03
1.642993542154871055e-03
3.290500809452689360e-04
-4.044732843593561319e-04
-5.288332086103035047e-03
-3.872017713478446629e-03
2.400156654706060710e-03
1.040525713018789183e-04
-6.762624474346219704e-04
-6.968238611608676761e-03
-5.256834766303026402e-03
8.306504836527614467e-04
9.768441521988259577e-04
-1.725073551306912864e-04
-3.897799857188426111e-03
-2.721276192141214301e-03
-7.211842482797052112e-04
1.145133968552559988e-03
7.848489334471974582e-04
-6.130919831311190107e-04
4.211237239590088707e-04
-2.474396769942092413e-04
-3.999983151503470500e-05
-8.684358623328174869e-05
1.264335257308468643e-04
2.947288112653686999e-04
-5.167706561926021548e-05
-1.631707007149608253e-04
-5.121381718745593388e-05
1.956223029311862985e-04
4.150629299285434081e-04
2.655981045114005109e-05
1.735162636309587757e-04
-3.351863615320004215e-04
1.868511906904793342e-04
5.470594744438016504e-04
5.118157474042307276e-04
3.489398261205911393e-04
-1.061387032670675865e-05
1.853182852551037618e-04
1.290472507475383466e-04
1.411401720884970107e-04
3.895381754244306849e-06
7.758907025848786219e-05
1.031782827009456409e-04
-5.140234888072355273e-05
-6.533873958902776022e-05
1.607179495447451392e-05
-6.137834888479461062e-05
-1.382483751332342855e-04
-1.474215963539241253e-04
1.097228023371956150e-04
6.064984376197366752e-06
2.654497555483263898e-04
-2.307307857079107696e-04
-1.980161788216751556e-04
-2.615646176408396552e-05
-2.196165999053990717e-04
-1.975603451946924096e-04
-3.406520559317085823e-04
-3.242589992591693042e-05
-1.295861006381830972e-06
-3.827420240202589153e-05
-9.203922083871729888e-05
-2.561143269579801074e-05
5.618569720883223085e-05
-1.247508035567003122e-05
9.238365865356230381e-06
-2.115069972719245707e-05
2.387138974106819695e-05
-4.437601050499768621e-05
1.801227386283569176e-04
-6.461054387187815809e-04
5.110696687072999915e-04
-1.849879904308728397e-03
5.495092738435715168e-04
-9.667967491888725248e-04
1.172498369476502461e-03
1.348826469665853102e-03
2.116395417580798580e-03
6.529224203908561399e-04
1.000837325969721850e-05
-8.690934226463014830e-06
-4.364154171429006473e-06
-1.395628653032388481e-05
-1.697401246848977802e-04
-6.520398801908126873e-05
3.975820017789359015e-05
-1.875649886766743923e-04
-7.002316461861845013e-05
-4.661579966096875599e-05
-9.682250769131920363e-05
-4.879602280870833021e-05
1.169847287435816369e-04
6.224363921280978706e-04
1.611527993009559260e-04
-5.753569537192001430e-04
8.583731961741964105e-04
1.397389655818013577e-03
2.440265540421945965e-03
-1.961580383012240779e-04
-5.987314690474400403e-03
-6.585839065741320281e-05
5.591723787792586016e-05
-1.485319432525399367e-04
6.042959558937850521e-04
7.461871196539716705e-04
-2.706169442827758859e-04
7.874207195546822154e-05
-6.169133234585633943e-04
2.305440495985549253e-03
2.691044269480654012e-03
-3.039022020539793338e-04
2.790127913835687345e-04
-7.192447823264382914e-04
3.364437709485876803e-03
4.083499739973746323e-03
-5.175711145661493007e-04
4.264637993774193195e-04
-1.168617761867067313e-03
2.740187087504710774e-03
1.956283649852776692e-03
-3.628444800946925412e-04
3.209600288676839222e-04
3.070113651167805623e-03
-1.158136166724620152e-03
3.200229945959043483e-03
6.862842695863442463e-04
6.425160092967434821e-04
-7.313333109445182883e-05
7.915389612449232548e-05
2.498636519226717870e-04
1.598885425346452928e-05
-4.840205254881786506e-05
1.064586352940025691e-03
1.067223044058804521e-03
-1.647370866869185806e-04
1.780301553960037919e-04
1.961725664404128495e-04
8.072134489781080671e-05
-1.019191348900896151e-04
7.019809327595830572e-04
2.596203585056440196e-04
8.772644620872172198e-06
2.281735066415609516e-04
3.852697216572372645e-04
4.865336109076106707e-04
-2.669782602247671539e-04
-3.300653041939947193e-06
-2.653129562550372552e-05
-8.693614499475910129e-05
3.881660658210675735e-05
1.653005400509865080e-05
1.608086093015290944e-04
6.892683156134778589e-05
6.665460041874156979e-05
3.283540714106973906e-04
1.410866701643622949e-05
-4.089043609923151152e-05
-8.193061730370641209e-05
2.123953975067129996e-05
-4.790092248995841319e-06
5.486350515906897362e-04
-1.803291687472646841e-04
2.992828438212617780e-04
3.241476540790966558e-04
-8.006802085800344135e-05
-1.421581845906010001e-04
-9.160465858702199028e-06
3.698443172802099902e-05
6.246978037264717281e-05
9.108481012573837145e-06
1.076821413729620363e-05
-4.356315930323209401e-05
-3.079385085108017226e-05
-1.203776685644692276e-05
3.447701775845224257e-05
-1.653331610847816465e-05
4.103603721946299555e-04
9.642208308540837830e-05
1.398311633685820135e-03
-3.226556489519109600e-04
5.715098923385303169e-04
-1.580174748292776212e-03
1.287580541857342607e-03
-2.994986874598435603e-03
-1.119912940523165416e-02
1.153838605104619108e-05
-8.888511246722592831e-06
-4.171021810163875809e-05
1.055619801082686071e-04
-3.284109804743262488e-04
-2.273578215179987004e-04
4.423731563139221481e-05
-3.397474781097551403e-05
-1.560949166662640671e-04
-8.096167398750057529e-05
6.872981053327337784e-05
2.533919384882431193e-04
-3.907333436193027041e-04
1.338917710443639480e-03
8.880786981029075572e-04
9.415469571090189936e-05
-1.810062675996857101e-03
-3.165154074104748372e-04
-2.585781299768628860e-03
3.347464634185413901e-03
6.019607892164743727e-03
-4.398189451361463309e-06
-2.183409271530273939e-04
5.239290962811520415e-05
-3.895069177672564188e-04
-7.765835058242584162e-04
-7.371609174339808590e-05
-5.708611425888777523e-04
3.633531392845955376e-04
-1.311471841562111698e-03
-2.367862731942792058e-03
-4.590723052325381694e-07
-1.045570368908740368e-03
-6.981187770497307089e-06
-1.623398480698882030e-03
-3.625956854076600733e-03
-2.587851889102686502e-04
-3.115408789750341036e-04
5.921617043946712918e-04
-8.804034238150558380e-04
-1.101295630368097096e-03
1.322817338860233930e-04
-4.989842742599447838e-04
-7.528798241829175782e-04
7.368313444823576443e-04
8.308761824650462240e-05
-6.123222257676740835e-04
-4.341814432693294002e-04
4.460319078321713207e-05
9.900257399247071257e-05
-3.655650331210972149e-04
-1.138073009648586425e-04
8.695053071469099741e-05
-1.398111909499145543e-03
-1.008773507941404133e-03
1.253693859164963626e-04
6.079843126945426072e-05
-9.502474027446289719e-04
-5.560391551578822361e-04
4.582152766468112429e-04
-1.518884725021863369e-04
-1.259437573298262077e-04
1.093763920488849650e-04
-2.921855043509455916e-04
-3.065692449812135092e-04
-7.437645469243009356e-04
4.749649672233106413e-04
-1.163617484078338811e-04
1.106080752244413225e-04
1.985953329435712371e-04
1.811920275797894545e-05
1.717816079078173135e-05
3.040192208006531425e-04
2.048660442902085178e-05
-1.011816988106017944e-05
1.426454673039729702e-04
-1.562603426083961327e-04
1.689978191370876902e-04
2.945701424784539146e-04
6.342274859927132065e-05
1.253511440332046880e-04
3.828019648178724557e-04
1.617608073626370280e-04
-1.244524653868569206e-04
3.206659859037326024e-04
8.664462932316308627e-05
1.565434864761070194e-04
5.043955008545244174e-06
-8.980790834064868546e-05
-4.086333248513439336e-05
-8.176776508644408731e-05
-1.789895973799747009e-04
2.953703939279210035e-05
3.544528721082364307e-05
-5.272331911052635027e-05
2.627455868143457651e-05
-7.879498267278247221e-06
5.809691859987827959e-05
3.531769968175562100e-06
1.907836476189901794e-04
7.809050058970176341e-05
1.504243633214341988e-05
3.768997469912725869e-04
-1.474007801376969826e-03
8.012605501879741009e-04
-1.108898557589415267e-02
9.334606478971095694e-06
1.276274432877195118e-06
-3.332129606000914487e-05
-1.127672755246704376e-05
-1.541654217161286236e-04
-8.575403582764885065e-05
4.556763038553204951e-05
-9.296164413090031735e-05
-2.551617898357787630e-04
-8.531813615501143125e-05
-1.215950280848733895e-05
2.271576012618046613e-04
1.675367269808043888e-04
9.695025685886086118e-04
4.802217361421614515e-05
-4.846467926537843872e-04
-1.733069813837519353e-03
1.628829228088301542e-03
1.638492889199358532e-03
6.314121179152647374e-03
-3.304389522487601386e-03
2.647047310430421943e-05
-4.539136450562961139e-05
1.275732919539001762e-04
-8.724980112585984174e-05
-1.045924783915325011e-04
1.092776449084610971e-04
-1.802677911310249085e-04
5.434246795893721152e-04
-3.933562155720558991e-04
-3.527673698296721278e-04
2.100620489357523778e-04
-3.853477870234017126e-04
6.321246582473756277e-04
-4.643409902205822238e-04
-6.692841099727453447e-04
4.716237007536911384e-04
-1.102904701088623825e-03
1.599095942557632235e-03
-1.266005179535589038e-03
-4.148297202575616230e-04
-6.142947819687365456e-04
1.240985137463186888e-03
2.471636667413041211e-03
-1.225992040334578093e-03
1.872462706535575573e-03
-3.078872494629305255e-04
-2.463039778003359419e-04
6.632834724247174815e-05
-6.703921388677417021e-05
2.456356036008039575e-04
7.508930357843297994e-05
-9.223090300599391656e-05
-5.062705016715250304e-04
-1.996481511317948197e-04
-3.146851219844520940e-04
1.222651021552280794e-04
2.873730351224209234e-04
2.665191976797531013e-04
-1.909107613766216347e-04
-2.990471875110480146e-04
-3.949593844219807500e-04
2.535331473713402966e-04
-2.176475853136006862e-04
1.252908080455999561e-04
-1.518640822568914379e-04
-3.613703417954462798e-05
-2.466180697129187222e-05
2.415746498647307827e-05
7.775614205808596268e-05
-4.262545161048180505e-05
-1.106511392237979988e-05
1.313659759047598220e-04
-2.694485010693056416e-05
-6.176771235603097451e-06
2.289494985264034331e-05
-1.648022942522366636e-05
-9.935880412114305100e-05
2.477342057492474972e-04
-2.982165019133613151e-04
-1.021821043470873047e-04
-8.413986157806640728e-05
-1.429489442158033915e-04
1.405806172703328964e-04
9.429775894236594856e-06
7.376173489714179881e-05
6.523144201792021712e-05
1.842445945163985200e-05
-2.363330606859641701e-05
-3.391736825480090790e-05
3.625200948805184863e-05
2.952694366623026924e-05
-1.942342068076442763e-05
-6.235529930725958181e-05
-1.103405854903960073e-06
2.209037625923990751e-05
-3.098885666894824473e-05
9.182037497918564008e-05
-1.022151858472231188e-04
2.398859363810832248e-04
-2.091410865676404890e-04
1.514126680615372083e-04
-6.497968406361406780e-04
1.520822790811189769e-03
-9.871909152035411930e-04
-2.140140327986402155e-04
9.523247009774949063e-06
-2.222777633409378427e-05
-1.993303582645950916e-05
3.357776550679954469e-05
-1.464851505097739600e-04
-1.032806325253883767e-04
7.382551634845942417e-05
-2.335078764787396966e-04
-1.800392234557442260e-04
-7.069848990251237613e-05
7.919572502858666376e-05
1.530531662432155638e-04
-1.503745655030734802e-04
5.002367242944196195e-04
4.369960288217414768e-04
1.234635768464951381e-04
1.025507342306254026e-03
-2.247822504316358816e-04
-6.262550100897164567e-05
1.350527521082769402e-03
2.860711349191245845e-04
-2.367176764944862671e-05
6.398217360878605037e-05
-6.624183476838213622e-05
3.950529536844165517e-05
-5.421074079332736055e-05
-5.587525223337273431e-05
1.156580165685103131e-04
-2.463840945988799358e-04
1.341544687627491475e-04
-9.182639306007497806e-05
-1.146035176167552850e-04
3.082167168507686777e-04
-4.542164290636299651e-04
1.961596673303990870e-04
-3.944969496684892318e-04
-4.872480025586742818e-05
8.643210955174990284e-05
-2.077264724258697827e-04
1.904568694100789578e-04
2.846295593641525465e-04
6.286231433475178584e-05
-2.228629405851213134e-04
6.110568430946539988e-04
-2.807078451149655788e-04
5.512895424061917387e-04
1.549554104034483093e-04
7.232078344834962362e-05
2.699920735882470812e-05
-3.805351791300788762e-06
-2.652946359233033938e-04
-1.628149332672243011e-04
1.334815469686311050e-04
4.382798509364020396e-05
1.794328265243719332e-04
-1.518380774166195072e-04
3.805124469855704290e-05
-5.316765232584180637e-04
-2.385357129110881333e-04
2.018453733265897785e-04
-7.033539762971109579e-05
5.732309172860892071e-05
-8.531820463290300130e-05
-3.364900999402131271e-05
-1.608610175665151814e-04
-1.486326826972478776e-04
4.553587485167968977e-05
-6.670149815912870470e-05
6.328362476958141738e-05
6.940425444984266732e-05
2.097943717184219437e-05
2.317456487219706439e-05
-1.216886885707455888e-05
3.286732185274861750e-05
2.914754337074037415e-05
6.313092364908828489e-05
-4.996038231630371983e-05
8.598373431242646386e-05
1.496535663858933031e-05
1.120361286434479002e-04
-1.559878703615099170e-05
1.129337211508980014e-04
-7.922698255523892943e-06
-3.286252696556683733e-06
3.112559792109573692e-05
1.662006807084560477e-05
5.308668312841282362e-06
-1.316705828802359071e-05
2.253590924243390443e-05
-2.166082888546725795e-05
7.197818757005146677e-06
-4.120629078296830637e-05
5.917998228849737200e-05
2.176943152233039546e-05
4.621671518070177571e-05
-4.775254110489968347e-05
-2.442595153936931322e-06
2.420368708788723513e-04
9.461071801823454030e-05
8.447593419680336909e-04
-1.541373090408712813e-04
2.543623731274291836e-04
-7.670726231635414298e-04
3.900899094685560597e-04
-1.032223777093049496e-03
-2.637970589751545240e-03
8.028159226742788353e-06
-3.804685373576398337e-05
-6.362730924568410806e-06
-2.053236445539760282e-05
-1.259879943176354282e-04
6.473938461425260134e-05
3.644034443916644182e-05
-1.596318146703670858e-04
-3.413028853291266392e-05
-3.577518860356881350e-05
2.079780560903679934e-04
3.568493677543737859e-05
1.212118840738547342e-04
3.891844678117347637e-04
-3.575275270794018331e-04
-3.276130943101293494e-04
3.065311379929054831e-04
6.228807439485460227e-04
-1.254557224845154759e-04
-2.726982490090102264e-04
2.507603554619004110e-04
2.737906065669724507e-05
-5.021921793919560212e-05
1.516777682518005189e-04
-3.953056053419824159e-04
-3.797109295115668999e-04
7.230243915173251601e-05
-1.374344062091919876e-04
5.265740909970507456e-04
-1.315319511369527792e-03
-1.215319911715483136e-03
8.427402588225380530e-05
-1.482672272455695249e-04
6.933052948686360900e-04
-1.767061806125076956e-03
-1.655783467943115544e-03
-4.801340630387456045e-05
8.800797898715483774e-05
7.985284121204274744e-04
-1.367963469962509481e-03
-8.313632049028677872e-04
1.139109365928188026e-04
-2.292244724063511110e-04
6.073896225698488180e-05
-1.195182777887442269e-04
-1.081646820147543538e-04
1.582142993019420901e-04
9.487916590399317752e-05
2.304404204167606048e-05
-5.687037734945323300e-06
7.165111776845000324e-05
4.251020501351016062e-05
-3.187876845446920178e-05
2.285370098703165705e-04
1.138540989473758169e-04
5.693498141667550780e-05
3.974982755666129021e-06
2.167437440571450880e-04
1.481191583432730054e-04
-1.152335129069081342e-04
2.491851831313819024e-06
-1.074475790009884640e-05
5.101283045203515744e-06
-7.929378896882762178e-05
1.446821420447310476e-04
-2.130749702351762990e-05
-6.260280008786130770e-06
1.254177970934966781e-05
-1.573172989624991506e-05
-1.897976889467484045e-05
-5.078928502023002063e-06
1.435166837868492992e-05
4.764882243239319977e-05
2.085235526526016221e-05
-2.283266271656355199e-06
4.609389854096849185e-05
7.205043280355085452e-06
7.948235166919528235e-06
-5.563176782810020363e-05
2.608787854660993532e-05
3.010628587058887155e-05
6.408103120573203448e-05
3.453082589601592732e-05
-2.868331279650767230e-05
4.509453838057873767e-05
-2.313702180195448366e-05
-8.406031235641157757e-06
-1.232534492764707768e-05
1.147586478447781748e-06
-9.007349361184870815e-06
1.882071832893648689e-05
1.963511480942413829e-05
-6.590998461012222163e-06
-3.530306167382878807e-05
3.112239071735767989e-08
9.653074427726640388e-06
2.315458634079053181e-05
-5.508463781304380442e-05
9.028404750653216038e-05
-1.351062510367184754e-04
8.225912812439051844e-05
-1.341550750106642708e-04
-8.184234792237635441e-05
5.749030625840468667e-04
9.232619288230192386e-04
1.014592531742033142e-03
-6.162613358605366450e-06
-1.324223091305061428e-05
1.757567758925030675e-05
-3.011029730951529570e-05
-4.997058756078121548e-05
7.453425241640239732e-05
-5.826977899082775626e-05
-1.042612600038936153e-04
1.558962183955471840e-04
3.606550802488840712e-05
8.047831808957099740e-05
-1.030633027071583971e-04
8.290051793405719700e-05
2.058249635522985913e-04
-2.046806920514045169e-04
1.496325450048244124e-04
-4.499793944790514573e-05
-4.301227334050602199e-04
-7.542508695003895594e-05
-1.993903188598991508e-04
1.264992010672351505e-04
-1.898871549674131421e-05
4.219519820818793196e-05
1.315332361408723447e-05
2.907991182997321847e-05
8.030747196905071701e-05
-5.383635576073132371e-05
1.203730308439524948e-04
4.619043884803985400e-05
1.367732487654166589e-04
3.275457506405358358e-04
-1.216560255242658085e-04
2.577149777883134575e-04
4.274868518919203750e-05
1.432507928989775804e-04
3.498668265839493998e-04
-1.171046896212035894e-05
5.962063078201297546e-05
2.640876360178646032e-04
-5.579060341889702256e-05
3.562621729039626710e-04
1.389765588396112330e-05
-1.959692681314941334e-05
-1.058468731672337643e-04
2.883706829040297377e-05
-1.069388376691238288e-04
-9.263056779562682617e-05
-6.808024696483143704e-05
1.312036990693207896e-05
-2.426978021415286460e-05
-9.434912197517334438e-07
-2.981433624670209176e-05
-3.920561126746726575e-07
-2.331373360858725254e-04
-9.002518330278730244e-05
-4.946098429472920940e-05
-5.860926063873104396e-05
7.319224577935633962e-05
-2.886595021808632610e-05
-7.305776170872459348e-06
-1.354485215772739261e-05
-1.212366736943040947e-04
1.322401361874186228e-04
2.705752541780777795e-05
-1.565895679905929909e-06
5.442291547758833768e-05
-3.087324439962857393e-05
-3.826917541638304169e-07
-3.635507226674330893e-06
-3.594416942520212583e-05
1.584453456673289262e-05
-2.373164794910724465e-05
2.421992330363864624e-05
-1.536213106875839211e-05
5.969557306754827306e-05
6.014654282222579753e-05
3.933931112932997909e-05
-6.311323524522495564e-05
2.588396241344710272e-05
-6.901396286067775659e-05
-6.646440767821138579e-05
1.116006643732502878e-05
-8.507292018973364341e-05
3.894364470910354343e-05
-5.929830907398926887e-05
4.075634651224295860e-05
1.315953276880288075e-05
1.800632728321266017e-05
3.897413280909812538e-06
1.187430961908389631e-05
-1.300950962313091528e-05
1.736989240660544994e-05
-2.243292067586462552e-05
1.779033304468229072e-05
-8.521674188144458126e-06
6.829200190064713987e-06
-3.456438734004663512e-06
1.477796361530419559e-04
4.475943349864223200e-05
5.228595101256609812e-04
-8.745427020804730938e-05
2.057001422769614651e-04
-4.325526551305494205e-04
-1.364154883408870162e-04
-6.832319441676744549e-04
-2.856495598520750450e-03
-2.825337135267239745e-06
-2.564368346308043557e-06
1.644958972558588074e-05
-3.263207717386328304e-05
-4.435329354294165655e-05
1.114278171972548953e-04
-1.010827875041350926e-05
-1.493853596429398461e-05
6.676403774176500818e-05
1.361624540117019604e-05
3.074163500777757813e-06
-6.920827953385003865e-05
1.385136154509271670e-04
1.514682895409581655e-04
-4.404018751237782805e-04
-3.959771368474745621e-05
-9.290491802238020431e-06
6.345854330203633305e-06
-3.795477151153792291e-04
-4.238144759146082372e-04
8.574988045274782155e-04
2.583053260787732504e-05
5.698555654331930766e-05
1.146432069580463831e-04
-2.494977827687398005e-04
-3.577888805811573055e-04
9.540286133997129075e-05
1.582242697812637569e-04
4.179397802728568355e-04
-8.711371360808207835e-04
-1.176323407204279796e-03
1.379448764979214221e-04
1.918270692254791545e-04
4.420927082813529965e-04
-1.082267810643380802e-03
-1.649675007269001126e-03
2.657758564538936948e-04
-2.614614110890451791e-04
6.123339155127923740e-04
-9.933538700841561871e-04
-9.722048974719250686e-04
-1.040847161021089987e-05
7.344259501933383212e-05
1.347792103755665952e-04
-2.308562856981889700e-04
-2.114721927513779664e-04
-6.639710625525518592e-05
-3.837142529619265446e-05
1.079432536609078932e-07
2.893416363427199657e-06
-9.596666306322668220e-06
-1.192683015191940566e-05
-4.882568294351628818e-06
-4.928471648915553314e-05
-7.092619740826106175e-05
3.161903695564399270e-05
6.946939453326842276e-05
-6.604815339638211068e-06
8.453448865762377875e-05
-6.304699720691775498e-05
-2.396438172032823821e-05
1.656191200449716179e-04
-2.520301964559653034e-04
-2.813155565224104504e-05
-1.267662586821524391e-04
-1.233721699592494844e-04
8.045106059146732869e-05
-3.670734628496769260e-06
8.857465346062922453e-06
-9.900731192552592852e-06
1.302383855158393129e-05
4.089645478013538760e-06
3.288322120139732435e-05
-3.903851341623490365e-06
-1.754164755085751986e-05
-9.715795052681326679e-06
6.011542384842450722e-05
-1.041085413625291052e-04
2.363143679349367915e-05
-1.178522376241823710e-04
4.441290983805150545e-05
-4.932610685939344664e-05
5.640152666849497986e-05
-2.452931387038940778e-05
1.374367079037455579e-05
-5.525488555253154392e-06
2.020790285687896215e-05
-7.495391228404383058e-06
-1.487861618177707256e-05
-1.166026569040680434e-05
2.315426711404372924e-05
4.377283582754719434e-06
2.048271732431207928e-05
-1.308935598784634272e-05
2.390161786858647122e-05
-1.269783199710636587e-05
3.801169581422000248e-05
-9.012969303073059882e-05
1.481823546249952611e-04
-2.202210174647215002e-04
1.302923747021188662e-04
-2.136046205490231607e-04
-2.580783730360708015e-04
1.606565655519927738e-03
-1.174984363771866834e-04
7.901248526806273556e-03
-4.834324556542288661e-07
-4.345122086199324624e-05
1.382809037098857831e-06
-1.259178166261342216e-05
-1.183692050970246818e-04
-8.559630742290952313e-07
-1.846316811768669550e-05
-3.379066674251875050e-04
1.873145075688892108e-05
-2.048403167834905446e-06
2.323088269937966031e-04
6.972242686851678895e-06
-8.288428768063394787e-06
2.285396703777811613e-04
1.146579343841796318e-04
5.272165763748515755e-05
1.102328963936210875e-03
-4.512025606108972575e-05
-1.741586587842425173e-03
2.718089783762522253e-03
3.954761366516220365e-03
-3.125196124516364240e-05
1.063168712239104144e-04
-4.405552903857842519e-05
1.025238371948783580e-04
7.533442937875335828e-05
-1.301221268096948100e-04
3.944540158159454244e-04
-1.364481354027718453e-04
3.728663030980712903e-04
3.774937699715784790e-04
-1.186309875944441657e-04
4.265450557108261057e-04
-2.730587262587859257e-04
5.330762677197419409e-04
3.213603433822520756e-04
-4.758789199667432467e-04
1.093026619678738641e-03
-1.228760988431936471e-04
5.136779153106416605e-04
6.781311241914651658e-04
-1.002878798855231330e-03
2.148143516301328874e-03
1.490972800037208921e-03
-8.647539675105800133e-04
9.783105474632247407e-04
3.024886178882565187e-04
2.512670454821966815e-04
-4.259016596837137428e-05
6.188860385186978207e-06
-2.240153681353563621e-04
-1.242272164151825970e-04
1.312203710119175389e-04
5.108375750783515721e-04
3.939719661083086955e-05
4.085869058452618724e-04
2.922985431065545469e-04
-4.242341137855906545e-04
1.572837179524886437e-04
-9.588479974296471869e-06
-1.138396734967246366e-04
-2.235148841814966157e-04
9.174179292005185736e-05
-3.663638288385667112e-04
2.788524204194969109e-04
-3.343317660911116038e-04
1.387097305027609729e-04
-1.403512831829497036e-04
1.548875256546682945e-04
1.913519902737524897e-04
6.217419473260440890e-05
-2.875639055259437499e-05
-4.619856850781378979e-05
-2.771796883659310224e-06
9.117150751289334915e-05
5.492230009577468719e-05
-1.164330085810053603e-04
1.268213758901199717e-04
1.377099776337879355e-04
2.552043781734759852e-05
1.336358239277698459e-04
5.273131006993214649e-05
1.352709059655033525e-04
-1.916473698040555994e-04
-3.816357130652531530e-05
-2.690569930381140194e-05
-3.232416367924543425e-05
-2.067053399623893761e-05
3.640131070449570720e-05
-8.207058373649372130e-06
-7.799027841721184901e-06
-2.935612324319941671e-05
2.027443053595141253e-05
1.532376207336079167e-05
3.821775641473138659e-06
-1.016722561566044101e-05
1.934847543593702369e-05
3.993240347564438173e-04
2.553851510653994562e-04
1.555289965983315537e-03
-5.713323931766628016e-05
4.260655004972040594e-04
-1.153111208650139550e-03
-2.327901917713696544e-03
-2.217170454773275973e-03
3.454837479937267111e-03
1.221357596381767012e-05
1.728124713394863329e-05
-1.014974726598849531e-05
-3.763358814370493200e-05
-6.635133879247877395e-05
1.522887163555653237e-04
6.024091237400508106e-05
6.763547795583759912e-05
-6.290269591628937272e-05
-7.938871015393722850e-06
-1.310079815579004306e-04
-3.997200448773288782e-05
1.663897413377296163e-04
2.826787011798478737e-04
-6.467963409449456079e-04
-4.081280878356624152e-04
-2.812437172593880365e-04
7.639458735469313285e-04
-4.818302455960403984e-03
4.259089786920265686e-03
1.105337036614430050e-02
3.419076401172156671e-05
-4.211691933139259620e-05
3.107479337446880131e-04
-8.769415465069204524e-04
-9.787470435285909685e-04
1.220719986971738952e-06
8.381481690950463544e-05
1.180293105096998606e-03
-3.002476722815168846e-03
-3.156405942096378488e-03
2.257256260295008603e-04
-3.760289943508653577e-04
1.253746978682311868e-03
-3.712979781472390637e-03
-4.239506904362474321e-03
-3.009036407120958346e-04
6.724883256058159127e-04
1.424256646179334913e-03
-2.812560285271012948e-03
-2.528863692277991994e-03
-1.448334302773549194e-03
3.189547213390204854e-03
3.863571881985753201e-03
-2.895396536883706930e-03
1.315995861020284076e-03
8.368446380252339903e-05
4.842263083841290462e-05
7.885480593710129070e-06
-1.424508382143133817e-04
8.748790447739562002e-04
3.538199800909440124e-04
-3.137757863303469968e-04
2.477086020205151117e-04
-1.239735945869996586e-04
3.316169008437761120e-04
-1.045532783274872105e-04
1.847309507871634825e-03
9.827479032640099900e-04
-8.258082732180206144e-04
1.269454139180661888e-04
-2.257524370703191082e-05
1.902566436671283346e-04
1.523883104084791586e-04
-4.620533890108432888e-05
1.558781200990945969e-04
-8.379367360379920654e-05
-1.301827831671195158e-04
1.164283873371220430e-04
2.759510712812182067e-04
-2.815033972249547230e-05
6.683891615496109149e-06
1.760431307634216513e-04
-1.068127839720742228e-05
-5.963184943060160733e-05
1.438704131985371363e-06
-2.239473363348914992e-04
2.998966407637982659e-04
2.282245784740764903e-04
1.947562573029045451e-04
9.186954372050496419e-05
1.552600268575163745e-04
7.897530240157529270e-05
-1.421115200796268206e-04
-5.366605549627618497e-06
4.510254175687102940e-05
-6.382246338146308319e-05
6.439641076332612883e-05
3.482580034774277763e-05
7.836689948465426893e-05
5.757839037994005405e-05
1.422863728070477510e-04
-1.081534642280971859e-04
-1.523528084042335496e-04
-4.868722128323108809e-05
8.654628244318443553e-05
9.407267224126825633e-05
-3.423959204559487695e-04
2.641222634677394768e-04
-9.886344028167866078e-04
2.296068797506785396e-04
-5.136393911975283433e-04
4.529821765893538650e-04
1.301828352162877518e-03
2.752951082616289687e-03
3.207706062126479581e-03
-6.588723099392942136e-06
5.480844936935647476e-06
1.799700858249617138e-05
6.901107803191094727e-08
5.623079475964569039e-05
9.295490097900610486e-06
-3.602480617389235818e-05
7.846781561387334777e-05
1.052245209146869358e-04
5.268546991473210724e-05
-8.517248314632819251e-05
-1.380716310595638712e-04
-3.985832390431290025e-05
-1.176218541823621756e-04
5.976220587785957517e-05
-1.186444451021884553e-05
9.380301081507753523e-05
-2.443013026335316560e-05
1.783160039560999438e-03
2.959414945513272766e-03
-3.987772576952309384e-03
-1.642459602940932035e-05
9.323693618111892755e-06
-1.178339127253409939e-04
3.385911092717705170e-04
4.042510647678087946e-04
-9.307607040862536955e-05
9.151345834089025515e-05
-4.084172355570569362e-04
1.308133276270065370e-03
1.622877504888183562e-03
-1.646380591563310566e-05
-7.485936883258596959e-05
-6.910802091678497653e-04
1.808023433471119207e-03
2.058606371409494457e-03
-2.404090054084577477e-04
3.698230254389210160e-04
1.997753672614316519e-04
7.683559893430469108e-04
1.676951244767454878e-03
-3.345128387482551200e-04
7.717686631237304475e-04
-2.420997778141086108e-03
1.198712089591626000e-03
-2.040035226847002493e-03
2.501560221451730329e-04
1.996732981317714511e-04
-2.135148502777993232e-05
4.117188743695477575e-05
-3.411269010659413839e-05
3.490407956711225409e-05
-1.348725104729974252e-05
6.377900692553222384e-04
2.840305317331882993e-04
1.990863441307627157e-04
-1.817695660987672559e-04
2.293026112929857615e-04
-1.269106204175680854e-04
6.266358917871625144e-05
2.777869616895345113e-04
2.589441546154266287e-04
-8.332234606186330131e-05
-1.903598400684472307e-04
6.506390596293540286e-04
1.328781954886741146e-04
-1.511209881571197184e-04
4.924469359767841456e-07
-1.207482928514695792e-05
1.540262628338642096e-05
-2.155070162172131889e-05
-1.115389151519927454e-05
-4.247163179306191863e-05
1.089893100924129692e-05
7.536519982301861313e-05
7.316857449187479546e-05
-3.270523978645477875e-06
6.578147927694483145e-05
-1.214773925926210263e-04
1.334913404109701232e-04
-4.574154716257936172e-07
-1.562839320765513384e-04
2.264191859651356128e-05
5.544048797549934097e-06
-2.064796835895484851e-05
-6.116965784544713949e-05
-1.576880365018359017e-05
-5.150234059069810330e-05
2.759218177616060743e-05
-4.248093991500511373e-05
1.852194005529092849e-05
2.713376107532653594e-05
1.043833734677516413e-05
9.032615112800827621e-06
2.962887690789951973e-05
-3.131250012324230666e-05
-7.940721513752351240e-05
3.518635659756289957e-04
-1.657162592206105499e-04
1.059577974041314534e-03
-2.060438756291171393e-04
3.940104888711923651e-04
-9.201905500737985605e-04
4.012713489939253664e-04
9.815263281419709870e-04
-4.080679522916475128e-03
4.906827910290105391e-06
2.009306749017301195e-05
-1.016955319143960686e-05
2.357813452935363693e-05
-5.679264152084213932e-05
-5.298575163031971958e-05
4.378093821678019708e-05
6.963046606530910374e-05
-9.346217393416548559e-05
-1.148350476759473685e-05
-1.652836054064660981e-04
2.053369048159520762e-05
-1.304437017314239702e-04
5.278158172235410638e-04
3.096252793164070848e-04
1.416038498619846865e-05
-1.536008026903314377e-03
-1.287527953770407224e-04
-4.981565294940050979e-04
5.693265755761432040e-03
1.284737501727229413e-03
5.677027703495956676e-06
5.350029005632375840e-06
1.546008273902681055e-04
-3.554874179156017897e-04
-3.737600149818329936e-04
3.565964621200359082e-05
-9.868842356784745721e-06
5.279488829578279268e-04
-1.237791950525257700e-03
-1.327581546475685437e-03
3.020741842945990805e-05
4.327768144981170554e-05
1.069231666569091938e-03
-2.234478023940615794e-03
-2.182041164685359549e-03
-2.621021338531386887e-05
1.480684378018145555e-04
1.341491041496075132e-05
-1.217048984350411383e-03
-2.169802510674518053e-03
3.457007054256013424e-04
-8.321093215321729956e-04
-1.150865316727036003e-04
9.328958114098110234e-05
-1.101506225257199592e-05
-1.341542123149459960e-04
-1.108371026563108569e-04
2.273201508171512469e-05
5.248136520741324878e-05
-4.060190979862725010e-05
4.490928422802475581e-05
-2.621972606098869324e-05
-7.501665967655536671e-05
3.275832615140917783e-05
-9.920965640899965653e-05
2.751313222736837785e-04
-2.485995790585832110e-04
2.644215527602491208e-04
-1.153064422803526515e-04
-7.351827962728720977e-04
1.565490083172746795e-04
-7.041775232452364766e-04
-3.634070748284608634e-04
4.892569363133586393e-05
-4.505135607260376922e-04
2.123942675606405809e-04
-6.902125306120080954e-06
-8.339113092108463176e-07
4.314551756328320712e-05
-2.304968331287742721e-05
-1.095348851284494085e-05
-1.964850569241025438e-05
-8.005263596552341621e-06
5.521318701705793536e-06
-1.640859578151412587e-05
-3.631472369782829963e-05
3.204500076958125980e-05
5.645035012328516506e-05
-1.828004934166140361e-05
1.106919683465923117e-04
2.280959721483428210e-05
1.281500911607172106e-04
-1.048894266390358181e-04
5.896745095647208147e-05
1.111469633312823169e-06
2.295604405765159210e-05
-1.049046119533282522e-05
-5.795157969442500505e-06
-1.772542178051145752e-05
-1.465063106670034272e-05
-8.392833605597564976e-06
-4.022407200751008725e-06
1.529955690182029662e-05
-6.788749969631916442e-06
2.676022065865070702e-06
-2.120395632564902507e-05
7.247734931404068272e-05
-6.234920529795141809e-05
2.023834419137601596e-04
-1.544696322506132068e-04
1.262325827432759096e-04
-6.803020523939728743e-04
1.600289933022589926e-03
-1.937805893484753541e-04
5.588014905735936427e-03
3.681243935833146935e-06
2.758849699556398716e-05
-6.252140074149192284e-06
1.151873505369110554e-05
1.020650002949392095e-04
-2.485240938889590677e-05
2.877949643101761467e-05
2.281764852266000756e-04
-5.347865881357364003e-05
-8.364923061950122637e-06
-1.852594927325357179e-04
6.957044036658894775e-06
-5.953421653605352892e-05
-2.759152542917683100e-04
1.317893526392761459e-04
1.626152561816386746e-05
-5.434015148241553086e-04
-6.957996286679861420e-05
-3.434435804403308075e-04
1.837421492351046974e-03
7.777568011129639422e-04
2.395646905781089849e-05
-5.220561905249776615e-05
-3.580292991877880124e-05
1.756134451889681627e-05
-2.799429573251468599e-05
6.093902984341473402e-05
-1.410221625508970109e-04
-1.283762917188755153e-04
7.176326600878076857e-05
-8.125233019152978563e-05
1.254261145448837657e-04
-2.693260261303377645e-04
-1.346196843415967028e-04
-1.481272658357579272e-05
-2.487032671349185360e-04
1.675729460111151749e-04
-3.963826797733410517e-04
-3.212569986987867166e-04
2.585657769833216916e-04
-5.894370204616104076e-05
-1.581191238703998536e-04
3.314485699174654089e-04
8.539695395931770204e-05
-7.708389731801829048e-05
3.260121788199896403e-05
1.033278756439680828e-04
3.913110702367873957e-05
3.158913484876094038e-05
-6.527357148479425765e-05
1.650618691124880976e-04
7.491818513315514399e-06
-2.332632850568211238e-05
2.299504549322965653e-04
2.079534114686784716e-04
-7.292145798496596628e-05
2.553447057163327162e-05
3.150537986274083257e-04
2.273259407867180156e-04
-1.614167948327300433e-04
3.667367820710392703e-04
6.935907747422844643e-05
1.705658087784831954e-04
2.690547355822222654e-04
-4.294445592187880505e-06
3.771984890391359853e-04
-1.929450202852161914e-04
5.615668470701040520e-06
-1.041599220349651767e-05
9.443812026497347580e-06
-1.389667271156007860e-05
4.046309399453210501e-06
-9.466984990226665812e-05
1.487852638686602145e-05
7.626978452267525368e-06
-2.057629117311750199e-05
-4.490864132357428142e-05
3.544561763211295135e-05
1.390218404984581817e-04
-3.169322368728836063e-05
6.766281399185868897e-05
-1.986457743201518203e-05
6.315745320308301797e-05
-1.021656369948878353e-04
-4.961393558212847369e-05
-3.323902423265647464e-05
-3.715867947208407199e-05
-9.162080888964140375e-07
-3.093834803250626530e-06
1.086729520614293161e-05
3.310817494286185519e-05
3.556653595806596533e-06
2.086112739131926026e-05
-4.464411324613451731e-05
1.293657301157862216e-05
-4.370863064437249315e-07
-8.559174657749728016e-05
3.545065629607920075e-04
-2.012707009690919643e-04
1.053850982425988706e-03
-2.624709809937812699e-04
4.545338948141777443e-04
-1.151387617774728752e-03
1.061679369903958644e-03
-1.423283224995419878e-03
-4.494022652894085444e-03
-6.892707704326347481e-06
5.170759683691867604e-06
1.572233513948621036e-05
-1.566020785013469253e-05
6.970505015038717716e-05
2.647093235153928496e-05
-4.976658350637417743e-05
7.552879981359798681e-05
1.062082470976103549e-04
2.948145819728344391e-05
-4.565724349006408282e-05
-7.188233541048608837e-05
6.108806194338302169e-05
-3.245024068334152680e-04
-9.840194273989473007e-05
7.351438991262076018e-05
-7.716806334250177982e-05
-1.539915662011505501e-04
7.391531733009831448e-04
1.209131467040490952e-04
-1.704896615342241586e-03
-4.820416547909356397e-06
4.306590586243346056e-05
1.428730422425651984e-04
-3.174881693158152136e-04
-3.306269189747692086e-04
3.123374186955723990e-06
1.059947188106012260e-04
4.984494370014454310e-04
-1.146203073236966991e-03
-1.219506417745291893e-03
-6.104870854925242179e-05
3.165640046703432952e-04
9.082784575191153601e-04
-1.904500439402936505e-03
-1.898790439584367848e-03
1.446899579654439599e-04
-2.403992615836630692e-04
2.739724098349456964e-04
-8.624732371684605374e-04
-1.096288842594647216e-03
-6.397007392064734958e-06
2.217503852086489036e-05
-2.102008349096149006e-04
1.035037705629142997e-04
-1.612914616843066549e-04
1.470578967819144596e-04
1.940835002985337801e-04
-1.113113370209729971e-04
3.390686194770889698e-05
-7.088799247136546753e-05
1.155245242660019393e-05
1.228091421422086269e-05
5.046505953982692496e-04
3.294914413561743794e-04
4.698694329250397844e-06
1.326781266290164860e-05
-7.816874692643372259e-05
-1.672091139742975065e-05
4.755098435895290730e-05
1.805898143726574867e-04
-6.150622708177962627e-05
1.904915007992194931e-04
3.998868899628660290e-05
5.675954296041806421e-05
9.759496560789495399e-05
-5.301163603841761734e-05
-1.970689437360374981e-06
-1.401635121016102394e-06
3.178501715012126328e-05
-1.539902309503406332e-05
-9.730785639306072993e-06
-6.237520382252343255e-05
-1.580131179880298007e-05
-1.075677346500907666e-05
-6.555422837284576997e-05
-4.315460242030662595e-05
8.402086482315651356e-05
-8.834251767543930157e-06
8.530635672858655682e-05
4.602786193488201413e-05
-3.815109166311134040e-05
2.692585120047846011e-05
-1.317920059262898827e-04
-1.278664894937737463e-04
-4.444475491856213450e-05
-6.331488409931579429e-05
3.589771469675595144e-07
1.343899266267515668e-05
2.116483511360049130e-05
7.444762855757889401e-07
9.344152067395768645e-07
-3.166026756078690439e-07
-2.742535794512120814e-06
-4.837245136937921566e-06
-1.533305763527712583e-06
-9.229172864333223936e-06
6.916247385740390355e-05
-1.030371344193229451e-05
2.199897716461740929e-04
-9.137216683952913599e-05
1.392467089225667967e-04
-2.548904744097580267e-04
1.848384394541248042e-04
-7.380613513523589164e-04
-1.261179370663059133e-03
-1.081300436168641486e-05
-1.295345562846780880e-05
2.120118473807999283e-05
-8.969509768293561415e-06
-1.411969452144570597e-04
1.015150694258993823e-05
-3.776293208932642574e-05
-8.202650559602049158e-06
7.551609432393637043e-05
6.470041575213570837e-05
8.938585630575312429e-05
-1.307775649688462270e-04
5.167821763288211594e-06
5.432622977926482646e-04
2.776897639471587173e-05
1.664307548071201990e-04
-9.277410177690895241e-04
-3.772119867984544367e-04
2.170289044811280930e-04
-1.058915488951137941e-03
-5.226503235156489948e-04
-8.342223020874267182e-06
2.827506206657802540e-05
1.153649130214281712e-04
-1.123784157512173348e-04
-3.813713406028354999e-06
-5.517239388737908455e-06
3.959577801880813391e-05
3.257462123496729692e-04
-3.664844829944494857e-04
-9.759548198537362654e-05
-6.326087440240196660e-05
1.826945078327421763e-04
3.563100861024422151e-04
-3.445384695385343287e-04
-1.776217277146488680e-05
1.557886352057057360e-04
-3.237438003367878168e-04
-2.066842197893414596e-04
-3.186467686980666916e-05
-4.136412218868187256e-04
1.730940814616682146e-04
-3.951405917463361099e-04
-5.133122192181820939e-05
1.371037790361633968e-04
1.693999980817521291e-04
-1.326995794518806950e-04
-8.872750753816900985e-05
3.924510054885544695e-06
1.927463275057688839e-05
-7.220478120437998179e-05
-1.890902888545315013e-05
1.405342774053341501e-05
-2.584590038334278785e-04
-1.453544160831901915e-04
-2.182992952269285615e-05
1.291726066069311234e-07
-1.604393680256943513e-04
-1.033710771765005386e-04
6.991460787202873593e-05
-7.876592974231262092e-05
-3.185528222340379179e-05
-2.009575647894499298e-05
8.891390140681925398e-06
-7.990661974409336886e-05
-3.992832687996770210e-05
3.257354005974189633e-05
1.106336646399742516e-05
-8.182209593317970824e-06
-1.721807674408733574e-05
1.368667417224578067e-06
4.304394370633493760e-06
-3.125009288064498894e-05
1.691112049754106844e-06
-1.517705072570947290e-05
-2.885121644597785914e-05
1.085531243489012751e-05
-6.349240348259250905e-06
-3.251852901309119043e-06
-5.584286984278287013e-06
1.667956418198651293e-05
-1.112275921439509084e-04
1.392871747911380113e-05
-3.665840164540211144e-05
-8.307148907423087989e-05
2.782107020333145662e-05
2.904121835373239536e-05
4.743653675086159119e-06
-2.374438337562252134e-06
-4.770597240948326073e-06
-7.762721021389521801e-06
-4.788234645789596865e-05
2.005471506308754311e-05
-9.227495999018707305e-06
-1.014469321229396870e-05
1.162758745300141748e-05
1.482320034723075242e-04
3.431883434899785069e-04
1.094871924873417707e-04
7.628042454808412311e-04
-9.620087610352523431e-06
1.159031363067155600e-05
1.959677081454812893e-05
-1.441039506441284929e-04
1.411084020510144747e-04
2.478159616106014474e-04
1.814426814846503970e-04
2.597851142883582441e-04
-2.382732555829767936e-04
5.813505295319760603e-06
-1.820073030831473659e-05
-7.265880011636580607e-06
2.296582236684101776e-05
1.290647870280463306e-05
2.082146522762053613e-05
-1.380017508078996563e-05
3.177916529975181964e-07
-3.068819360478501705e-05
-2.314773955015482322e-05
-4.693301216156684440e-05
4.994799222163138325e-05
7.647897825881853754e-05
-4.317507826319958364e-05
7.154042291207711262e-05
1.291358494546917773e-06
-4.871859302128926739e-06
5.239233997597370976e-06
-1.667653796161990855e-06
2.582978341791468938e-07
-3.438187635625859200e-06
2.752943396654462353e-06
2.685770017113142503e-05
1.546661224770673330e-05
4.971892866968318696e-06
1.062704563475887567e-05
9.410452939069803571e-06
1.635045596774649482e-05
-2.017129511342428035e-06
9.921613589202022087e-07
-8.019380578446490859e-06
-3.340755328227340683e-06
-9.395233236610494896e-06
5.244337102428456407e-06
5.316626158087729395e-07
7.025153934154871571e-06
2.527394868793461559e-07
1.536437147868798716e-05
1.412465112530014505e-04
2.777259669981730380e-04
1.131554866492715363e-03
1.223627696350739792e-03
1.569579379855719805e-05
-5.324392445381948311e-05
6.105272195273907091e-05
-2.197107164119867229e-04
1.278898637305403321e-04
1.514477450471319285e-04
-1.833650005632177162e-04
1.569535060145438375e-04
2.095823606942693744e-05
-4.560163045071322365e-06
-5.430903103960924037e-06
-3.525066866745217694e-06
6.948278987555086885e-07
6.605577676549602232e-06
-8.423301384383431397e-05
5.396558063403732483e-06
-7.173824688719704346e-05
3.629430680112343509e-05
7.838516602272014761e-06
-9.670797836931931059e-05
-3.684811101564274499e-06
-7.460506260357562490e-05
-1.377604664853028045e-05
7.749861394004358879e-07
2.918193353868014159e-06
7.340115737636043869e-06
3.100714574581081488e-06
-2.025399066413278298e-06
-4.473283545417219564e-06
2.828309174016895045e-06
2.418823827000157299e-06
2.658388763294724261e-05
1.805821928767911919e-05
-3.486547781257420760e-05
3.495973134080657423e-05
2.898521618844816658e-05
-1.519079422006245523e-05
1.416418786086377737e-05
-8.352761904341223593e-06
-5.029302528426907280e-06
5.929464688135116535e-06
4.248952251477841785e-06
-4.943186963684874197e-06
-5.401528884362503880e-06
3.958784795884493945e-06
-2.705330813197378188e-06
-3.089135693271468957e-06
1.430292097373448443e-04
2.842567372020941125e-04
1.135551411560563675e-03
1.200437870674737981e-03
-7.172997587025644695e-05
-3.961205851231168782e-05
6.332969498959667440e-06
-2.109574993447248299e-05
9.735102193776931981e-05
2.765994170250637182e-04
8.134944910197234984e-05
1.076367043882223894e-04
1.906745559471004464e-04
5.177226604721092390e-06
-3.231538452023164697e-08
4.315118657737139536e-06
5.403840962795369843e-06
4.174644407145815515e-06
2.718704525597878666e-05
6.266159011525199456e-05
1.592229912731094824e-05
9.331576618820168023e-05
-1.125370627804546496e-05
5.144317678195080149e-05
6.693112259483897074e-05
4.474422202646104955e-05
6.205448104808892161e-05
-2.054157248297620790e-05
5.368154099140500905e-06
6.331628759386435386e-06
-1.120180743036196482e-06
3.631550159896873244e-07
-5.157382631109397849e-06
6.779242118891448054e-08
3.276257160953637872e-06
3.006293825119406513e-06
3.360287685244877167e-05
1.117559665983271898e-05
-2.843129887515426614e-05
3.877214198302663463e-05
2.651746019270811216e-05
-1.688467533292585887e-05
1.507215964654384240e-06
5.044409046092323552e-06
9.694139295810414860e-06
1.751802818885150656e-06
-1.118236787621283928e-06
-5.455518115729256691e-06
7.986105132861144574e-06
5.631985026822341227e-06
-2.322880345232069226e-06
1.504752691357108269e-04
3.966223100735903509e-04
-4.329946296872848533e-05
1.757376618172390339e-05
-8.722371919666351513e-06
-1.956228358563784879e-05
2.902895564119740584e-06
1.778117332754261060e-04
3.073923245801607907e-04
-1.996911239335264149e-04
1.847925241081485115e-04
5.188812970025296744e-04
-1.987367436271458116e-04
5.541556927375259890e-06
-7.665393557487450247e-06
-7.386060384653977802e-06
6.074380279439549915e-06
7.073140353740238864e-07
-7.785385610810334196e-05
1.002073241439251457e-04
3.978247966838104391e-05
1.761599387141078629e-06
2.517448850175098261e-05
-5.989382508217569500e-05
5.690279009943590078e-05
4.859781190879245138e-05
2.652138930925402598e-05
8.721749645147789732e-05
5.754208195930697863e-06
-7.581291444218046646e-07
6.066292065498972881e-06
3.211760912184311915e-07
4.962230019295650340e-06
-1.229691079153594170e-06
1.243933659700854629e-06
4.587317295882422340e-05
-1.020446546845334471e-05
2.499981127665364320e-05
2.544034950338996113e-05
-1.132189667872925724e-05
3.326722571414905032e-05
-9.003452880569160006e-06
-1.726442052707072880e-05
-4.347925251141310217e-06
-5.114047477418990602e-06
-4.563718766338023449e-06
1.638005017943799639e-05
-5.145898771798691113e-06
3.202016695839783302e-05
-1.634363954365220359e-06
3.669413764621040668e-05
1.781745510587529828e-04
3.071037266425906387e-04
-5.449905862656024419e-04
8.460461749803097932e-04
1.063379980614742278e-05
-1.889597217889157977e-05
-2.623788444289408824e-05
3.160787842547459615e-04
1.972709787954118681e-04
-4.944400606128423982e-04
4.892907053160349193e-05
-4.501672742729372219e-04
-1.551114332648927802e-04
-1.593222305678538959e-05
2.838693076144142629e-05
-8.833977797765486827e-06
1.684658379073635502e-05
-1.114951430531384630e-05
2.208512599357607923e-05
-4.966687681456701274e-05
-5.664632630712723949e-05
8.861578503276986004e-05
2.487689551373990437e-05
1.062007400933052097e-04
-1.027254768624165821e-04
-4.652156815841553504e-05
-5.534992957783260470e-05
-1.177076088437489527e-04
-1.165226469939501823e-05
-5.147046259651355635e-07
-1.193105458410188832e-05
5.295574453396875101e-07
1.027243967764955477e-06
2.815820055774292946e-06
-9.022020539761187264e-06
-2.652480067597573086e-07
4.930193381390611887e-05
-1.036244881702083070e-05
-1.647076921974802768e-05
-2.583749481683447589e-05
5.050124698953399701e-06
1.873002801750562501e-05
1.811976844178165165e-06
-1.818271651222940380e-05
2.154726428085715622e-05
-8.564187131540758647e-06
-7.255728041542496031e-06
-1.609560031092748092e-05
2.315897613567871060e-05
-7.789019615513272308e-06
7.437201822295709118e-06
2.530415052362112310e-04
6.173145055002305336e-04
-2.746566036037673044e-04
5.809058854245322456e-04
2.315333210966414774e-05
-4.013462789562814980e-05
-4.477507831838938235e-05
-9.880618873870859709e-05
-7.636710612698040636e-04
3.599205487778289752e-05
-3.246535048549765464e-05
-3.197467315633795745e-04
7.872237947406584093e-05
1.008190810038364085e-05
-2.235389420252471013e-05
2.135968502716682380e-05
-1.412717435209244788e-05
2.263471985903512353e-05
-8.196671897789716422e-05
5.904475696347460093e-05
3.546057850859739302e-05
1.072677926290606815e-04
1.456556094029068133e-04
5.139200757464271418e-06
4.104597453610313946e-05
-2.673713134983099384e-06
2.099129918712651941e-05
-1.526225964017712274e-05
2.814091269951704904e-06
-4.856182133657060894e-06
3.566497632189159775e-06
1.567655784115237427e-05
2.704641655967922680e-06
6.200396696126587214e-06
-6.659412603450924143e-06
-3.371427882241478496e-05
5.706971105182696808e-05
-4.850047094894989507e-05
-3.503509716107766484e-05
-1.255942905564195317e-05
-1.197880769496402317e-05
1.392146491184859479e-05
-1.630308698947145255e-05
9.587127197356991727e-06
-7.761447545769132090e-06
5.604968682969674231e-06
2.786921421916252015e-05
-5.974837627196910774e-06
3.098147884528396100e-05
-2.158065282163240472e-05
3.139064006209147241e-05
1.638093499792174848e-04
3.323159075674929656e-04
-4.273768517210961939e-04
1.253577605187270816e-04
7.198905946227895046e-06
2.326930037652826037e-05
-1.436671721424879729e-05
-2.501810180600607530e-04
-3.783022596227674146e-04
3.547673061796507250e-04
-1.894069884771389361e-04
-3.805208305364481776e-04
1.697247973596072721e-04
6.810678132494276491e-06
-1.148416356289057960e-05
-9.976063947978942083e-06
7.530393811108514696e-06
-1.099558101292154513e-05
-9.291737332222750666e-05
1.397907833807765499e-04
1.792266701850063284e-05
3.817305491997986138e-05
4.502195569043053523e-05
-5.826123411708414811e-05
8.149702760465701358e-05
5.281813641849901654e-05
-2.468551213894444089e-05
1.053991806734743183e-05
5.758880438194270834e-06
-7.227265561596180899e-06
6.898369167119132172e-06
5.830879137061308633e-06
-3.223950666219550458e-06
3.283445569396629746e-06
-1.765923538444217690e-06
-5.665803778865123002e-06
2.859111959952838190e-05
-2.142252914349559032e-05
-4.032897638093296350e-05
7.606860015666587775e-05
-5.587064281577689101e-05
2.361988204151520035e-05
6.405543437453207345e-06
-1.512537404631953909e-05
1.999782425175966846e-05
-8.408560203003568554e-06
-7.841735423193270141e-06
-3.237462916657020748e-05
2.758442236420931363e-05
-9.963300115411747440e-06
-1.920054823013840694e-06
-1.781142787653989981e-04
-6.447631348288660824e-04
-7.558623017240663532e-04
5.898183466693356769e-05
1.016555565887373101e-05
-3.444883330566889302e-05
-4.569233173232084159e-05
2.496169576025979018e-05
-6.901484155474065839e-06
-7.373935899049629910e-05
4.328450353736374979e-05
-4.295831087588247374e-04
-2.551498131696203230e-04
4.583069635063133888e-07
-8.124562040807786995e-06
1.212185690470858910e-05
1.092288780551363462e-06
1.472629588316252395e-05
1.360305562216326941e-05
1.212985746955911236e-05
-1.744675196791862620e-05
-2.431291182705411058e-06
-1.312703337620117605e-05
-1.269927208431459869e-06
4.561475417450136039e-05
-4.631900074219164905e-05
-1.334231127414122851e-05
-9.463691702008716444e-05
-1.254442397726046746e-05
-4.257000292222996528e-06
-8.957044601009575994e-06
-5.605547526934132264e-06
2.075657808645134315e-06
-7.642205216339121224e-06
4.248040591795443764e-06
1.372256003756337887e-05
-1.002597253099867165e-05
3.118680337456388412e-05
-3.367267000649338500e-06
-6.297334354600787487e-06
-1.731364233298173782e-05
2.315802071839484527e-05
-1.689281434709126941e-05
1.826262480599935356e-05
4.641465403753779190e-06
1.062495033575711687e-05
3.387310106557919191e-06
-7.447771744241918188e-07
6.384054138264386799e-06
-1.472001764345316203e-05
-5.674971406640821630e-06
-8.924862384442103734e-05
-2.428553691112980229e-04
-4.620178342532071025e-04
-2.683680908178169740e-04
-1.126371990122187723e-05
-1.280392237121556679e-05
2.561572570768760906e-05
-2.721300597397081466e-06
-4.064852574571000272e-05
-2.629566678721170443e-06
1.633978261601679949e-05
-2.311554155995137116e-04
-1.319400591834318375e-05
-3.057481425477970435e-07
8.006209933609509481e-07
-3.516004960846916140e-06
3.532481450170009574e-06
2.242956772693912954e-06
9.679338246396119034e-06
-2.498137826296724422e-05
1.199665365777451781e-08
2.360561859394504037e-06
4.693145360961247099e-06
1.898849070516669442e-05
-5.287664130812297299e-05
8.366962474374727940e-06
1.631595562398063185e-05
3.268871397372384119e-05
-3.385599665573605085e-07
2.648768767925367237e-06
-1.870943957260174485e-06
-3.607334713824487252e-06
3.156443912028223154e-06
-1.730267163734694965e-06
6.109212096274897485e-07
-2.215556105753013058e-06
-9.083750378833394397e-06
4.258812862088916499e-06
8.575370285224738785e-06
-3.001836786307106227e-06
8.631910691877177393e-06
-4.779919245049498915e-06
1.214109757452900552e-06
6.733577057804241577e-08
-1.105983191829642630e-05
5.825325889525831431e-06
-7.477473774214344367e-07
1.386031090252757451e-06
8.878319170786648453e-07
3.419850673372226690e-06
6.201909309760520881e-06
-9.719506561502061254e-05
-1.484999398961095256e-04
-2.000309166781135100e-04
-3.473662183345318719e-04
2.821509734585513849e-05
-5.444117064269937712e-06
-6.550370183442320545e-05
1.125296537121117245e-04
-4.016888014197587760e-06
-2.532767064712348982e-04
2.339710408592577090e-05
5.351184699723827423e-04
1.132200115671603225e-05
-2.440053854711422891e-05
5.446469199257805195e-05
4.740857677600043539e-06
-3.197207649908775477e-06
-6.744059489154804852e-06
6.858962796961722767e-05
-1.497310718626142277e-04
6.453340460250053790e-05
-8.628090346018054964e-05
-1.780524162452738263e-05
7.985532993632663229e-05
-1.788759911979737125e-04
-5.291442230815053500e-05
3.613621832245884018e-05
1.380534712524600414e-06
6.027740163345531008e-06
1.636066735861072460e-05
-1.232144250413483697e-05
-5.975098396764735524e-06
3.088904603852827976e-06
-3.736010380029007764e-06
2.223182450803031094e-06
1.562258214006101025e-05
-7.357885958091062043e-05
9.223334634627759494e-05
1.513553206048072763e-05
1.140470932935062559e-05
1.376277668748376042e-05
-9.742082493890115788e-06
2.994431477349666442e-06
-1.189521261455072332e-05
1.844115744516816848e-05
-2.038018773709074688e-05
-6.662789123309101390e-06
3.183399122247100980e-06
-2.284697032613357466e-06
1.298491399697664966e-05
1.265180470489376021e-05
-1.203499262835802295e-04
-3.305596018748264172e-04
-4.612493438202389367e-04
-2.578904525641611536e-04
3.641183837891383692e-06
3.207418907133039468e-05
-7.695143369302518991e-06
3.454301295121181705e-05
9.082004913595261855e-05
-7.212928398693183030e-05
-1.263614167593163937e-04
2.286780081932285205e-04
2.900194696068232928e-04
5.820724891864446885e-06
-1.423227859243052095e-05
2.712870363212950501e-06
2.004497031105623698e-06
1.070753636784265365e-05
-9.768683163575408302e-06
2.771687754569899349e-05
-1.691965542056635973e-05
-6.867979457246551441e-06
-4.715631219906344295e-05
-1.198366252037547162e-05
2.899608512981306506e-05
-1.091587891877120750e-04
8.808314456580663553e-05
-3.177101718105526207e-05
-5.355854559207806887e-07
-6.408340191738075619e-06
6.359703120189938410e-06
-7.298161153886590093e-06
3.454191479897382711e-06
-8.689874019689043831e-06
4.716837292889008995e-06
4.782105114729637617e-06
2.327906247004926348e-05
-2.058411504959694970e-05
3.107925931733526794e-07
-5.574932187106598837e-06
-2.749121815971318524e-07
-2.947325622065633529e-07
6.130961378651907597e-06
-9.189021610583405657e-06
8.040957547066684808e-07
-1.096053156839996269e-05
4.189559242100160738e-07
-9.186500220613325125e-06
-3.857891211195655859e-07
-4.691681017380816244e-06
-9.586619984028108265e-06
-1.020740454196913629e-04
-1.954566973342152674e-04
-2.054227998511530290e-04
-4.350610570718609505e-04
-1.713594306061280424e-05
3.618680003576056945e-05
3.930038790426070743e-05
-1.181189205858564702e-04
9.750041846548840123e-05
2.640253514849096798e-04
-5.971834236818005718e-05
1.513921125564058698e-05
1.646785729280795694e-04
-6.357978426569429156e-06
1.406607575025119377e-05
3.834515826800489235e-06
-1.958984410800473021e-06
5.028456410792310665e-06
-1.036109054121219370e-05
2.855259965864656083e-05
5.376745229145555850e-05
-7.809089827490890278e-05
-5.584851360139804233e-05
-1.880274779179190786e-06
8.145968661843347664e-06
4.269973287935208026e-05
-1.719946822430982788e-05
3.127734829865175291e-05
-4.549325932889420435e-06
-3.394099018769488321e-07
-3.531143560334812215e-06
-1.442144905974332973e-06
-2.014143712844068835e-06
-2.838239512022737712e-06
1.360372727396512418e-06
1.312400566995073304e-07
9.784019433659497655e-07
1.215174472383729607e-06
9.168540726428071078e-06
-7.806851199143989101e-06
5.389317538188669068e-06
-1.791730807803025330e-06
-3.059662802182437413e-06
1.425556709653658649e-06
8.973337131311130696e-06
-2.787111364443769560e-06
4.919519163749515133e-06
5.884776448294020466e-06
5.073534268187304402e-06
-5.305673393963325722e-06
3.693943274989322167e-06
