9.992097898315063445e-07
-4.353737936917625412e-06
1.918852676404174714e-06
-1.246901969002432215e-05
6.345037478118080656e-06
-1.804857514472553022e-06
3.108863663585565741e-05
-6.212678865591675771e-05
3.509725374968585449e-05
-2.534777898585517187e-04
-3.211690668175030593e-07
-5.567148673325925026e-07
1.761508662266384946e-06
-9.239644729149343303e-06
1.423270279255577228e-06
1.180746101992007702e-05
-8.442798672941932960e-06
-2.236422382421457729e-06
1.860975214679703508e-05
-4.081725957690767499e-06
4.996272709820347940e-06
-8.191327257283214695e-06
4.013473719334323403e-05
-1.630398356681160069e-05
-4.426073875220352125e-05
6.444023390608136605e-05
2.723614994611813877e-05
-2.579330662775401902e-05
1.926119251704015210e-05
5.273178986849639497e-05
7.678811828616063527e-05
4.189099375936639934e-06
-4.829257227883510030e-06
7.237203121421452810e-06
-1.025790845018043964e-05
4.063641230549467942e-06
1.592976408730217074e-05
-1.664551100534541339e-05
2.138107182385699925e-05
-3.818121146446891374e-05
1.533588888535316214e-05
2.211391570876016459e-05
-4.043695246032701573e-05
5.017245842112351027e-05
-6.357718469268546651e-05
2.662909297302860044e-05
3.043471192559516698e-05
3.616840388214453549e-05
7.353940665914358973e-05
-5.441339016062128820e-05
-1.992374419042360364e-06
4.364090910445949211e-08
-3.469850369876495416e-05
2.414941131616627039e-06
6.262870367711630044e-06
2.055476772909119691e-06
9.692380880954318818e-06
5.105130055210233910e-07
-2.599384169485349146e-06
-8.384213458406030355e-07
2.525360234234930045e-06
-6.873217631452206124e-06
-4.226514843865723422e-06
1.199859243700577865e-05
-1.863852378987156656e-06
-1.361778251557510877e-05
7.028755300746397385e-06
-5.016600398884208723e-06
1.331320360139618749e-05
5.104369678915081148e-05
1.975242023355361057e-06
-1.744515046691722610e-06
3.390584572153462772e-05
2.017299991987626495e-05
-1.214932671510051349e-05
2.482488041412526220e-05
4.596916864253162055e-05
-9.873379886132503775e-07
1.932835682188098325e-07
-6.073698521750676180e-06
-2.217890567048267069e-06
1.460406010282388944e-06
9.203423281082872762e-06
-6.623141374431583782e-08
-1.251779571094920559e-06
-2.000917002017312325e-06
4.160030121169587303e-06
8.853667828691836194e-07
-1.469545638626290561e-05
-1.571824178328869019e-05
1.155385794346386747e-05
1.882463475367978831e-05
9.053494108379233618e-06
2.111590697063575774e-05
-3.348302258903217111e-05
-8.683147280138886630e-07
5.403600459737241487e-07
-1.244895033074688207e-06
2.680312375024725828e-06
-5.716775092462078402e-06
-2.015771510666625546e-06
2.298335667339763951e-06
2.646692404765501344e-06
5.718271341183666460e-07
1.713342305010610476e-07
1.575819168376985656e-06
-3.023332767433389370e-06
-1.502905169952339356e-05
-2.312822674507922113e-05
-6.888461934753892582e-05
-1.031594654224198910e-06
-4.720907018646102149e-06
5.684247791360492617e-05
4.205213017646965551e-06
1.753019275409268716e-04
1.662678195277806248e-04
5.780894308582185328e-06
1.906520889019067503e-06
9.660801606186487862e-06
-1.940429050579944880e-05
2.343934718851404975e-05
1.663100741945116914e-05
2.513659023030362865e-05
6.010732160440292898e-07
3.121846556396119424e-05
-3.069686031987576994e-05
-1.829527675520288180e-05
-5.351129391692632282e-05
6.882143135919553895e-05
-7.630711579794401437e-05
-6.169791139439971712e-05
-1.097607483339856321e-04
1.257500629256475694e-04
4.248548118332068422e-05
-2.077291563744953866e-04
1.143364169392534652e-04
-7.465677671383549928e-05
-7.717582002998436526e-05
-1.345261246526216386e-05
-2.270611285313774291e-05
6.237045942963291524e-05
4.294517398081851772e-05
-1.863376145211308827e-04
-3.437350026731630568e-05
-3.010740694590002421e-05
2.178627144802781728e-04
1.178121258806670449e-04
-2.571041131172524595e-04
-3.714525954226032786e-05
-9.767413681376965068e-05
1.927956801824122382e-04
1.293264104956155824e-04
3.269828942058372866e-05
-3.704914265502620989e-05
4.355865036195620283e-05
1.415385680151322973e-04
4.603306650295582291e-05
1.002045191174009530e-04
2.763300904029327852e-05
7.746830705858221225e-05
6.536074952494078138e-05
-5.554591150828168273e-06
8.490877834662282513e-06
4.130552508663400424e-06
-3.569734893001314322e-06
1.576464813860606874e-05
2.229822981979670657e-05
2.215549652575344501e-06
-4.607171778232628730e-06
3.056185945269660018e-05
1.011722015735312428e-05
-1.399735397692328363e-05
1.998929853119019707e-05
4.825466330230705102e-05
2.723873591602703225e-06
6.451355319701933655e-06
4.785283178689852938e-05
-4.796338823514991503e-05
-5.340256507391481924e-05
-2.310423885813190330e-05
3.451369243822635207e-05
3.135350522465632354e-05
6.110820103085075079e-05
2.896729647589143829e-06
1.197784002633065842e-06
-4.896665237473933628e-06
-4.742014400308565860e-06
5.878666746531306293e-07
-3.672519604413205918e-06
2.546859977596524964e-07
6.007512930258605697e-06
3.549207144401138199e-06
-1.431799928798455258e-05
-1.947694263873713520e-05
-1.138195739640128151e-05
7.634598869230828925e-06
-6.636627064720382927e-06
-7.791490009069612909e-06
-1.016618168050340926e-05
-1.848681193209546257e-05
2.202438612982347312e-05
-4.226831046709599404e-06
-9.228602402679372374e-07
2.310808792137808544e-06
5.633066674752249465e-06
2.406963342761822069e-06
2.433189104512081098e-06
1.637643085470506857e-07
-3.910483242025484748e-06
-5.828247447500473874e-06
-3.875677204096004311e-06
-1.278254544902466562e-06
1.808387548834706053e-05
-6.582469682606123399e-05
5.022121242068162955e-05
-1.884477613491996207e-04
6.601033254001969055e-05
-9.431115793752183779e-05
1.858117747087577570e-04
-1.102765193141148897e-04
2.800363698116160632e-04
2.028347573520676594e-04
1.901667718791778382e-06
5.665763512484759305e-07
-1.356315290065779757e-06
-9.077622250109331447e-05
5.976624091348027119e-06
-5.890642000770642472e-05
-6.200089547637066979e-05
8.961783653697000753e-06
-5.406562263402688154e-05
-4.685639261108360426e-05
2.778111567382781236e-06
-7.726588799714239762e-06
3.844991988358509478e-04
-1.629851846643052288e-05
2.285717360312135478e-04
9.477519423712489198e-05
4.842675613231638707e-06
1.230404560956267215e-04
2.061112734363827542e-04
-5.014337018846709028e-05
2.492937440972995506e-04
-1.079909599917461456e-04
-6.479892717172952761e-05
-1.592741741300814139e-06
5.738198503664277350e-05
2.062899343047982581e-05
-3.241176626671861665e-04
-2.052580760596043534e-04
2.679350351258997902e-05
2.280937078737881637e-04
6.071127087902764550e-05
-6.051514146780262449e-04
-3.466997656703014216e-04
-1.296026012334416442e-05
3.099625594814984001e-04
1.286493712270250528e-04
-1.332568223232500205e-04
-1.276067075496354968e-04
2.200601550921870082e-04
3.542747051487098392e-04
-9.843455310775719969e-05
1.353572095960787718e-06
-2.761156739777584856e-04
-1.759174179159397861e-05
2.897688199342626989e-05
-9.412858449074059115e-06
-2.735773171731178816e-05
-2.535168694608946760e-05
-7.486899765275563688e-06
-4.782520318243110234e-05
-3.366619061456794544e-05
3.968240807208713874e-06
-4.774927773945695500e-05
-8.431647901798616264e-05
1.258805009668906770e-06
6.223602191248760380e-05
-1.506538397744037929e-04
-6.385758464957505879e-05
-2.471038571435380337e-05
-1.391257712697373467e-04
-3.545866960157191496e-05
6.059315865856270187e-05
9.941947509367347262e-05
-6.283703126418633015e-05
-5.938505408370868408e-05
-7.300685840546180952e-06
-9.278257153310515148e-05
2.342749511265104033e-05
8.503525183740508775e-06
-7.239602367304227036e-06
-4.668674453873900252e-06
3.189892018769134503e-07
-6.662349031753822289e-06
-5.016274294884671568e-06
1.588796151568470334e-06
4.245392869544761099e-06
1.319094302685562377e-05
1.073720965557420815e-05
-2.581938149472330480e-05
7.683698419374155393e-05
5.910269596165456253e-06
-6.365535621405776193e-05
-6.720758560751778198e-05
1.986895690393693437e-05
4.611404180286501539e-05
-5.415236560657002699e-06
1.213352782328958297e-06
-1.095081016631198433e-05
-1.267191377817999066e-05
-3.242053573890101596e-07
6.044011944127820010e-06
7.148914686517946652e-06
2.004596838937845052e-05
6.274783892329866876e-06
1.741919962141025302e-05
2.722628483356991091e-05
3.681702737615038586e-06
-7.619183133278941026e-06
1.486023059743298245e-05
-1.597177369563784386e-05
3.060676402570325675e-05
-1.782595401035833127e-05
7.403401697750688708e-05
-2.029057408286821958e-04
1.983379005305926771e-04
2.642778503351480429e-04
-5.169012646458092681e-06
-2.387842957978685484e-07
-7.343834154878499279e-06
1.678255439802817656e-05
1.636505715326045345e-05
3.669188028174142498e-06
-1.740743186564328452e-05
1.113549266505113402e-05
-3.911143215688834423e-05
4.937526092489646310e-05
5.313229564526230546e-06
5.854171395016755471e-05
-1.452499410927226219e-04
-7.051768114355903903e-05
-9.666349305137891920e-05
2.947482042349429269e-04
-3.872066301586393327e-05
3.815405030229272764e-04
3.553969588974756474e-04
-1.337813076297065921e-04
-3.498297965443219982e-04
-6.098513351967753750e-06
-3.430842070518111604e-06
7.880413245312553093e-06
-1.338802985515362717e-05
-1.993923095423808390e-06
1.936509964085036503e-05
-3.980238430489726803e-06
7.174769268933464585e-05
-2.549614143502870869e-05
-3.531889697849883102e-05
-1.069124150254663039e-05
6.139625162850432997e-06
4.891409940175537430e-05
-6.771231806553132881e-05
-2.511557863413839071e-06
-9.661101973447916089e-05
-1.415882124061487680e-04
-2.815917112585809167e-05
-2.001043069868747436e-04
1.011695793154584853e-04
-5.603345214867537012e-05
2.849618472782242091e-05
1.215745579961022067e-05
-5.124717272517037434e-05
2.633295226316410614e-05
4.988258865304658613e-06
-2.840797244227155954e-07
8.045413064615472814e-06
-3.338519862821152088e-05
2.045456292002278430e-05
3.226492197797217997e-05
-2.755988888627333658e-06
-7.186974170742704317e-05
1.060746273418999191e-04
8.848835519593806177e-05
1.550334217875188702e-04
-1.088486471328602097e-05
-1.634764721510045642e-04
-6.433331747348148622e-05
-7.764265577756006189e-05
5.812885104720823379e-05
6.398824583945119748e-05
8.538409163908910646e-05
7.096278836266222312e-05
-1.208554418531810178e-04
9.133234456813717824e-05
-1.551186290722401216e-05
2.341474266817925062e-06
-9.606446460153270208e-06
-1.800766449105460358e-05
-1.885916896027747005e-06
1.499929319877197292e-05
4.238217752025306328e-06
-6.738709248013018943e-06
-1.291225242982185674e-05
-3.503947861695826197e-05
9.064862047094911874e-05
6.970472945255699781e-06
-1.325568238426571622e-04
-9.805430548549552884e-06
2.230531700764565689e-06
3.790654645128175237e-05
1.668994072996454766e-05
-1.558211136145119951e-06
-5.674250125349741871e-06
-7.111823183971823093e-07
-2.811594552854658656e-05
-1.376814117469573932e-05
5.412879262381250202e-06
1.646650164931198274e-05
-2.597998079033045493e-05
-1.687867300215451233e-06
9.697953730938463186e-06
1.872183205512098931e-05
1.544620024251935767e-05
1.550033530817063757e-05
-5.876211991927292094e-05
4.081110961422020652e-05
-1.697386151828938908e-04
5.639942628156719432e-05
-7.812945162864277850e-05
1.779621280360193017e-04
-1.023404003864467613e-04
-8.256977728031037562e-05
-4.806496333759221703e-04
5.405222990492426440e-05
-1.204608005599750234e-05
3.415230209957435445e-05
1.252674218617647647e-04
-1.735633146998095719e-05
5.825026517711921531e-05
3.782154225780734957e-04
-7.749845628643866832e-05
2.241879877114781583e-04
-2.498439683260210648e-04
7.392892860279212804e-05
-1.728427855463300611e-04
-4.430306469347197349e-04
3.731739318781322564e-06
-1.792054910092840563e-04
-1.625576433751083983e-03
6.077737765458346170e-04
-8.662053491660108746e-04
8.744954143379014540e-06
-4.702887349988842591e-04
-6.457808071651052490e-04
1.213218645129140414e-04
7.828048595503358099e-05
6.262026274720354502e-05
1.056312456934219661e-04
4.100247013359951552e-05
4.229196156413014005e-04
2.724040986772079684e-04
4.243324821452415535e-05
2.633192606879405581e-04
2.375229297800927550e-04
5.745126447610110791e-04
4.334102023393565455e-04
2.644271003555684406e-04
5.801949008350746348e-04
2.315583681728294169e-04
6.312584644360633851e-04
4.063650843890147680e-04
-3.857730214685400612e-04
-1.445093999536265004e-04
8.206732625629893163e-04
1.453194166991140525e-04
1.057489991815791820e-04
-3.090754404935061502e-05
2.719317008674877466e-05
8.852957732555601957e-05
2.133444805911685347e-05
-6.648352607495221498e-06
-5.222518071123819178e-05
8.043987132096787123e-05
-2.421533399507778115e-05
-6.563768599707875797e-05
-5.862100114542066728e-06
-1.586297496513321148e-04
-8.692611638708378223e-05
-1.249466097916479145e-04
1.514405232743947080e-04
1.107664769665596215e-04
1.504878333324543226e-04
4.066010028109707814e-04
1.016872795895241372e-05
3.006365976089978571e-05
5.496427338274838254e-05
4.870495430736099317e-04
1.847485335869508067e-06
-6.719457809543794165e-05
1.423911353239633922e-04
-7.828106415433244540e-05
7.604224198397402741e-07
-2.613267386341725887e-05
-5.691701070218997249e-05
-1.278378798428177561e-05
-2.296028063524845886e-05
-3.775032252044995196e-05
-1.735926809248122636e-05
-2.423285311474818131e-05
6.328992388599002228e-07
2.088881080761133898e-05
-6.743052717730350280e-05
-1.329052887679023061e-04
6.869025063113507596e-05
7.041472394324671991e-05
1.489286006033143641e-04
1.055881706981034990e-04
-2.133232495494235420e-04
2.424192141770757915e-05
5.464201479888405522e-06
1.756976361303340183e-05
4.934970229073024909e-06
2.247694974122238661e-05
-1.900336832848011979e-05
-5.163532560066919987e-06
-1.408065549518976137e-05
-2.481722838860340872e-05
-4.970605827744783750e-06
-3.694089236950983800e-05
2.536498806521211446e-06
-7.182226466103271637e-06
7.919214963159275746e-06
-1.647830960207161426e-05
4.094329764681080785e-05
-5.515562253394833765e-06
1.943165971196282799e-04
-6.123582761643419584e-04
4.115017779041119377e-04
7.675106916476173279e-04
5.844363034781173102e-05
-9.860684770923226853e-06
2.584482896229278298e-05
-9.538044851566620142e-05
-1.947952624970600137e-06
-9.234791802664703969e-05
2.250276942024819968e-04
-5.159184078889253022e-05
5.868716957857102287e-05
-5.667231866282275085e-04
6.928774989290967950e-05
-2.956505518896039532e-04
5.144212383738158440e-04
-6.675970840726339441e-06
4.048435671907986682e-04
5.709629851741670169e-04
-1.052108248123954573e-04
5.394498454202504125e-04
-1.461190797062161513e-03
4.710337870292408656e-04
1.054677870653402414e-03
-5.610115185456329728e-05
-3.986432441528707028e-05
-8.645241933759389649e-05
-6.915503747034826016e-05
4.531369976272576760e-06
3.840163282583106607e-04
1.953492405944276978e-04
-2.536914696250959804e-04
-1.828292451722139049e-04
1.027070892984977728e-04
-6.844498266036633987e-04
-2.812674741007590066e-04
-1.339537379413604937e-03
-9.377992849565375440e-04
4.810881249748942697e-04
1.166073542996172874e-03
3.157259033713398543e-04
-6.660669440454885810e-04
-5.515720559418001937e-04
4.457757567050627933e-04
4.813941685150832954e-04
2.618731936956007148e-04
-8.405129261784662423e-04
-2.776509304025803369e-04
2.745191792266166533e-04
-3.762951453396157914e-04
4.587996840714625847e-04
5.320170663078318098e-04
6.341984067691228220e-04
8.585669961775715909e-05
-4.195409679726064592e-04
-1.209953613152115040e-04
-4.239139757895243692e-04
5.449448315969502698e-04
6.517066634466042382e-04
7.073139531122866813e-04
6.779832123210813744e-05
-4.914261724941704169e-04
-2.531069651084123079e-04
3.563279071922210084e-04
-2.088899498300406544e-04
-3.075881055472439287e-04
-8.217569796435032379e-04
-3.308416769958000899e-04
2.986919548559392344e-04
-5.869972098788250577e-04
4.103238889737683586e-05
1.321947831529754957e-04
-5.492031644585024599e-06
-1.812909848206806468e-04
2.221655879645162109e-04
-1.655432934315647015e-05
8.275354169382931736e-05
1.937913434244723063e-04
-1.811005047853329831e-04
-3.198169685534019255e-04
-4.299595939133238023e-05
-4.620087556703316058e-05
-2.605525992624298215e-04
-6.278947952067816783e-05
5.086425211992181563e-05
1.063857390775158816e-04
-7.408088939373487047e-05
-1.680428441717967574e-04
3.003630004051282597e-05
-2.268672019884995160e-05
-1.109205774535714254e-04
-3.576353940745643492e-05
2.828745548480477245e-05
-6.418093018108174885e-05
-8.083318853387449663e-05
-1.136271182961423875e-04
2.929932651087759201e-05
1.092650476751602385e-04
6.692726298301259756e-06
1.398704517365376665e-05
-5.538017876354495026e-05
3.500749242197839523e-05
-1.625257216052018413e-04
5.271845014743078387e-05
-7.501546353049000511e-05
2.023100387466103100e-04
-1.709386196002721670e-04
-3.154687148686203093e-04
3.758065659263067526e-04
-5.627782785938818553e-06
-3.541697548360857432e-07
-1.008952574264787868e-05
-1.653576150305865002e-04
1.385331048047928925e-05
-1.223884267016470465e-04
-1.563474573105615834e-04
9.384515464545755905e-06
-1.466798018648908487e-04
-4.730123515884413887e-05
1.157044617438155044e-05
1.540460439639907547e-05
7.864056463248074794e-04
-7.016808415243859455e-05
5.135060588175582993e-04
5.131139441114635191e-05
-1.698924761696154486e-05
5.362343417725785703e-04
8.817791233801511091e-04
7.045256705300274793e-05
1.777231961484883023e-03
2.014628034240193062e-04
2.205880929295154786e-04
-3.510307606179733416e-04
-8.875318139598895040e-05
3.234282307873802081e-04
5.827203899328710444e-04
6.586618574244301229e-04
-1.281491663167706350e-03
-3.430738496473835367e-04
1.111644108266886082e-03
1.180572783714177931e-03
1.300746464029028070e-03
-2.046244759143980331e-03
-5.186086469105490471e-04
1.929507165721926426e-03
3.331240405327102355e-04
7.973519040035422336e-04
-1.501373956548910250e-03
-3.291544933328031703e-04
1.047587640139776037e-03
2.788502739021179750e-04
5.576733839214272678e-04
-3.578109164591066469e-04
-1.383581433459694996e-04
3.456422262361308036e-04
4.010856761119094868e-05
-2.984505070316466186e-05
-1.076929749534968531e-04
5.770505069560199010e-05
-5.825198663387544487e-05
-3.983718383436900392e-05
5.567673823903306263e-05
1.102693267588649177e-04
-2.370772336429942276e-04
-3.128422018464993375e-04
-1.799991913966457881e-04
-6.188108680330126760e-05
9.266485789820912969e-05
2.683372764797464891e-04
3.811530699459022751e-04
-1.053188401445435041e-04
-1.457564047905764431e-04
-3.629124178204326144e-04
-2.667830026642396888e-04
-1.837724903446009571e-04
-5.616672396606519615e-04
1.176019693297220405e-05
-1.025080611863728376e-04
-6.525557407907478925e-05
3.848296223741786673e-05
5.010695627449046537e-05
3.297367717381707934e-05
4.415606630204766905e-05
-1.995305448387726416e-06
-8.488094052557455034e-05
1.404121900332140963e-04
6.230431579200926024e-05
-1.591938771292642862e-05
-7.975639834146269335e-05
1.614834596487348714e-04
6.729175456533326117e-05
1.171658396637062207e-04
1.848022860174669232e-04
-9.632539809417545976e-05
3.553149915327751088e-05
-2.654541631014281322e-05
2.601138151066170103e-05
4.604391450082174841e-05
-2.433507810848993820e-05
-7.792921499453848088e-05
4.320869343906636820e-06
-3.828833949862476616e-05
4.225984991699809456e-06
3.725836305495081627e-05
-5.347032326954154874e-05
5.304357396657414904e-06
-1.536510183906683859e-05
1.783574446370868134e-05
-3.988311732265786608e-05
3.470175955072832844e-05
-2.648824050110652561e-05
8.967465064749139249e-05
-1.244708336258583989e-04
-1.950131431833026282e-04
-9.583155700523585639e-04
-7.555389403311649155e-06
-1.156804363879094977e-06
-4.202993873552630068e-06
-1.692470027623201723e-05
-6.771709411375592455e-06
2.254209749466606366e-06
-5.472995163057331041e-05
-1.213616694877061270e-05
-2.286556626394430642e-05
5.759134908117228478e-05
1.065735788789475821e-06
4.137027462668071569e-05
4.638809359681084752e-05
4.188177821355342917e-06
-7.880736640071411023e-05
1.322436930410735728e-04
1.484399551542285708e-04
3.071342602056687833e-04
-7.960762511990632315e-04
6.453799804392388716e-04
3.836792418621112820e-05
-4.833357598328490275e-06
4.012412828555949502e-06
-4.199859055619252355e-05
-1.157352725358417903e-05
1.767290846822250670e-05
-7.619195711544309686e-05
-2.467709772658624763e-05
-1.020227152611279206e-04
-4.068987841480918973e-05
-5.154367498151655095e-06
-9.730272097665332244e-06
4.080972794176964248e-05
-1.507252243176634477e-04
-1.473285939279784159e-05
7.363455790240490428e-05
-1.588452479562635009e-04
-3.186539927551867730e-04
-3.775568713840558692e-04
-1.070497646940170631e-04
4.529663291072110061e-05
-7.053654738937361896e-05
-2.744363039924327071e-04
2.220350940845928296e-04
1.389513203053635907e-04
-2.113334013692603824e-04
9.891964290513234886e-05
-2.521952907263655893e-05
-5.637380609158827190e-05
-1.145410275702811817e-04
2.115500856605714831e-05
3.198121241378377115e-05
-2.697183056507244383e-05
6.648310641460371197e-05
3.875214894402205762e-05
1.132118219937328161e-04
4.135581836333018563e-05
-2.626767156075202999e-05
8.237939745327205448e-06
-6.809509381070867672e-05
-7.437515177911947013e-05
1.309372695383729547e-04
1.303787298528088633e-04
-4.050652399618832888e-04
1.561168442490200390e-05
1.590722951870731738e-04
-2.815158425487213610e-04
-7.698081810998919206e-07
-4.835871648947551413e-06
4.484697286962332050e-06
-2.584885488713119472e-06
6.540040437080934105e-06
-1.725536957892319685e-05
-9.468886454500410419e-06
-1.608253261127077060e-05
-1.281899304624594192e-05
4.811578637297218913e-06
-1.902214333883440182e-05
-1.394300388788919695e-05
-6.384899377936450722e-05
4.138706886470577606e-05
2.583854781984857196e-05
6.151213256748359166e-05
6.146495926777151904e-05
-8.133764426794720312e-05
-1.397668893557253724e-05
2.373240588132750660e-06
-1.265630546795081385e-05
-1.352243230312269387e-05
4.483874206416662488e-06
2.528718141211164469e-05
-2.205554963530480031e-05
7.335088208487424134e-06
1.027177471511676554e-05
-1.564345482671065943e-05
2.264117894151589040e-05
2.286004967369059757e-05
-1.600260070916583854e-04
4.091378741324525617e-05
-4.775124017064154508e-04
1.869962275291976955e-04
-2.672895423590383041e-04
5.735320816018221659e-04
-3.568212036505185453e-04
1.351142943397733252e-03
-2.136884475918156257e-04
6.550439222405521648e-04
-6.592180609613468810e-05
3.659897657309615980e-04
2.413792309796987216e-03
-1.946929688270429765e-04
1.240922473367259875e-03
2.864136174589469383e-03
-2.852619518535246890e-04
1.591596551122115852e-03
-2.414381007937880554e-03
2.776104722706604789e-04
-1.356900839077289063e-03
-8.228994828281403426e-03
6.218556342468321797e-04
-4.250348977122193200e-03
-7.202716043694030665e-03
7.257713403513253031e-04
-3.790968779688895941e-03
-1.131738256829463267e-03
9.303305200424074033e-04
-1.203260435765755778e-03
-2.106783728277135306e-03
-1.777519592651953311e-03
4.261358076133918427e-03
2.813251309061719913e-03
-2.805135129074073745e-03
-6.873570627869226082e-03
-5.827399072932046287e-03
1.378798829086944587e-02
9.122154739925140629e-03
-9.046346840309511458e-03
-9.624702616841843833e-03
-7.912704198337238565e-03
1.808010635692059928e-02
1.187279155135373583e-02
-1.201290931048164951e-02
-6.160410709395886496e-03
-4.721470159596414390e-03
1.023706555269914345e-02
6.564700011411516399e-03
-6.802099119945851681e-03
-7.401844259588085491e-04
-6.972076950384485964e-04
9.990870949223842543e-04
7.679988209265453713e-04
-4.118456261493492598e-04
-4.724663214845167955e-04
7.208155948484412049e-04
6.535129948275246936e-04
1.207051286052862604e-03
8.224351635586550388e-06
-9.664733700646390086e-04
-3.326439713074563201e-04
-2.198297213702407864e-03
2.446609635117441475e-03
3.035319270466837593e-03
1.816302394700304882e-03
1.723709029956678549e-04
-1.235253211994284716e-03
-9.685185755838769195e-04
-1.254109706852546110e-03
1.398679195593983396e-03
1.662369880900220085e-03
-8.238685285588569001e-04
-1.637379770085279823e-05
2.902441314789430704e-04
-1.160581374949372488e-03
3.377908035260910723e-04
-3.746369943374682344e-04
7.011025362667402938e-05
4.693110653756131056e-04
4.689611591031987671e-04
-3.284391478955290931e-05
8.217111414837193059e-05
2.329405997909130379e-04
-1.441163876173367608e-04
5.724276570788738687e-04
-8.974602073532450238e-04
6.815265518998579611e-05
8.995480285487155976e-04
6.891114798698646116e-04
1.264099333268554599e-04
2.309062352063408013e-04
3.004443825205513926e-04
-3.411670394254233971e-04
2.086332369642860090e-04
-3.615380632005319730e-05
-3.995958937341084066e-04
-2.863459002240821517e-04
9.028760369461829024e-06
1.405363416645796554e-04
-1.266525268528016941e-04
-2.727729062197845465e-05
-4.117947867331318727e-06
-5.879718588007553894e-05
2.215166464251668108e-04
-2.765902224991486963e-05
1.283848455388242554e-04
-7.906640881873272368e-05
3.494556253789130778e-04
-1.962884147310331006e-04
2.890844369968727690e-04
-5.260921128325430360e-04
5.277519366153164693e-04
-1.329487146827271768e-03
8.134641474034472663e-04
-5.996441230392911921e-04
5.391578458282763578e-05
-3.624457181283752098e-04
-2.109722301177882186e-03
2.593635510301676517e-04
-1.338802162791341436e-03
-2.608961902344914419e-03
2.409245251081946375e-04
-1.589199783340315914e-03
2.217089246008681087e-03
-1.520095877217998714e-04
1.347560493152017520e-03
7.258407945667824136e-03
-9.400850261873505828e-04
4.489076503882119019e-03
6.088806109848267194e-03
-3.217864318572261528e-04
4.307842396722241958e-03
2.235091066037673407e-03
1.088802962554214545e-04
6.821512219956658634e-04
-1.888457718355890250e-03
-1.692159145678939552e-03
3.865421641635376736e-03
2.393578476905002406e-03
-2.789369775832453279e-03
-6.230557456858788930e-03
-5.519727366486430059e-03
1.253358945611477739e-02
7.743165200081932563e-03
-9.061657640363571936e-03
-8.772154731235241518e-03
-7.615953511714337529e-03
1.632037298269567449e-02
1.001888584829891023e-02
-1.195722590168149871e-02
-5.866761670400121552e-03
-5.129436137114057326e-03
8.993195850883302020e-03
5.724082068374942121e-03
-6.965903134013691489e-03
-1.044858947518062129e-03
-5.781061977376282437e-04
8.545339650111725190e-04
1.804462542402927047e-04
-7.604504176904541357e-04
4.776409618685741433e-04
-6.688091393776984285e-04
-6.876000211589431040e-04
-1.387697192265773850e-03
-1.519611858766617093e-04
8.749493393254253711e-04
7.104772714122869809e-05
2.181842529661088236e-03
-2.522129261049120379e-03
-2.888480184401569228e-03
-2.343474505809113682e-03
-5.829505641001162756e-04
1.089963975866777143e-03
4.477797272268779836e-04
9.290542443723229541e-04
-1.070178836165647978e-03
-1.564139170341107736e-03
8.457589896369343066e-04
5.458157740272656129e-05
-4.067736108605803569e-04
1.038176137898117867e-03
3.227068068969863712e-04
-3.945663764002103739e-04
8.995365623146184134e-05
4.491747452662166250e-04
6.273485946595653076e-04
1.466717330324702634e-05
3.779206643359204630e-05
2.667882520232275987e-04
-2.406231353302486383e-04
4.370945543174430343e-04
-9.510905997081478633e-04
1.334145471829097616e-04
9.683482420163753166e-04
8.398113005950117588e-04
7.585334730030639998e-05
2.449750991871124401e-04
3.115177309975036097e-04
-4.139203760718819362e-04
-2.201710235970594091e-04
7.556137832395807035e-06
4.292359645601274412e-04
2.372265341097685607e-04
-3.840678866968246961e-05
-2.191924424798702062e-04
1.475503219149231935e-04
5.421186958252979636e-05
5.437205889322742301e-06
1.146455745702280226e-04
-1.993005047879267558e-04
-8.229061121839474462e-06
1.664636468397325556e-05
-3.405732570860299480e-05
3.583101448038520314e-05
-8.755550039702195272e-05
5.474745148099536017e-05
-3.297209603203269290e-04
1.058486215743124296e-03
-9.590298267279783080e-04
-3.300592586512334555e-03
-3.113218889268269733e-05
-1.840022736510406274e-05
-3.928971104805819068e-05
4.058759362446875572e-04
-3.821400347485189329e-05
1.891524600418015495e-04
1.502135737249152118e-04
-1.298933334956167674e-04
-6.145281268363540100e-05
5.498450712866459434e-04
9.227258015300445382e-05
4.382325367439794911e-04
-1.901562349053278990e-03
-1.376798525006734654e-05
-1.051708828608008970e-03
-1.395693619534213361e-03
9.437364076220135407e-04
-4.857294681512533429e-06
4.474720571351771515e-04
7.114846285942177679e-04
2.538224003594368242e-03
-2.051819400688892684e-04
-6.741613340231524247e-05
-1.897307325413576118e-04
-1.813860494285977312e-04
1.565144219120633506e-04
-5.934264118159656126e-06
1.412894251174383038e-04
-6.773173882554503391e-04
-6.537961587400338125e-04
6.297432186599639329e-04
-1.672824086797815952e-03
-5.968363611851550295e-04
-1.707272296481943076e-03
-1.490349016930132180e-03
1.121402312870178192e-03
-9.117420236541793905e-05
8.836998153108172830e-04
-8.141624324564152981e-04
-6.044313390657965988e-04
1.164752314887718999e-03
1.885970408041637964e-04
1.119184341004259833e-04
-7.976488322146904749e-04
-4.819346459694799439e-04
6.028902041885157281e-04
5.028246633329618237e-04
-7.430758221767570651e-04
-6.870187299612967721e-04
-3.274870241417578241e-04
5.027108162538417968e-05
3.050783000508841178e-04
4.961596494417523607e-04
5.511438886178259477e-04
-1.039783588637089229e-03
-1.034391053619309036e-03
5.405429125272651390e-05
1.049613855479478836e-04
1.690436610972092981e-04
6.734537008646567478e-04
-3.740690972766398540e-04
2.637132531517750967e-04
-1.266932582900657557e-04
1.109992923841999178e-03
1.639506933154448440e-05
-3.955500846567297659e-05
3.729790104010982307e-04
1.056676314568064974e-04
9.534810803810931127e-05
-5.702310113605410031e-05
-1.540479072114919485e-04
1.627223091319569760e-04
4.728413098501735084e-05
1.127706610718743447e-04
2.407152605896877018e-04
-1.375869872482044724e-04
-2.528904710701236906e-04
-9.524509477990736577e-05
-3.225744879551361004e-04
-5.497483753885142954e-05
-4.490912871583041749e-04
1.426211026960318563e-04
7.720565233571219854e-05
8.117413412867532181e-05
-2.183131691306125998e-04
-9.204428187544155511e-05
8.079423020528778783e-05
1.253949924455041135e-04
6.845641727645074802e-05
-6.223425322738285680e-05
1.180089716473631533e-04
1.280524570261523624e-05
4.890565496247441967e-05
6.950250385474258247e-05
-1.926623560012624247e-04
-3.382280207975934259e-05
1.402734730941657072e-05
6.587876830769309625e-05
9.698484181351133275e-05
2.897431069020075579e-04
3.089719134554198317e-05
-1.265818688046532606e-05
-1.509617679397490838e-04
-3.039168369825857733e-04
3.080324518062123643e-04
-2.336798125164133138e-03
-5.631598312443244104e-05
-2.208104428795052538e-05
-3.508636786331553590e-05
-2.128158465979371479e-05
7.246810072084868382e-06
-3.978016673018644901e-05
-2.311418952144203901e-04
-9.369091857975664437e-05
-1.425571483164527853e-04
2.791996191076693136e-04
1.532221285068649573e-04
1.972907554655279477e-04
3.689572935000903591e-05
-1.873348271573912929e-04
8.197516267704257269e-05
8.370277659778432812e-04
8.926064708764723608e-04
6.275494282041050188e-04
-8.031441434605054042e-04
1.274319361456286879e-03
1.073758155236155271e-03
3.220208365348569118e-04
1.061507381582170646e-04
-6.103525360986892246e-06
-2.093286177501211295e-04
-1.656364954003492808e-04
1.215845615131828841e-03
4.686471175782551705e-04
-1.271544899610618036e-04
-7.936803950480533559e-04
-4.591483048554481660e-04
1.422932995285947641e-03
4.769171006461916723e-04
-7.667130220709754754e-05
-9.429171752923839458e-04
-6.891374136932021301e-04
1.548929879147523765e-03
6.093651001971235517e-04
-5.230270255710268686e-04
-5.981560254711435019e-04
-5.954567569854486752e-04
1.730163538980648364e-04
-2.125619606939436134e-04
-3.854966589813505363e-04
1.615099425792975471e-04
-1.703681645371383417e-04
-6.840210281317991251e-05
-9.833545786145294764e-06
2.939489401141794889e-05
-4.654410521588250881e-05
-4.575912334745619122e-06
5.317691409662241101e-05
4.897104218024008234e-06
-2.843350233989934439e-04
9.074744143912283551e-05
8.224454365422697710e-05
-9.119734433550744188e-05
-1.533630025785120044e-04
-1.853703805408857990e-04
-3.486753171858861223e-04
9.974723485660805743e-05
-1.890030943523891350e-04
-3.054626022311753529e-04
-2.574563923966169724e-04
-1.159028113803616504e-04
2.125024430813178035e-04
1.030318542360767148e-04
-5.737040894300976670e-05
4.749356920662551087e-06
-8.927447920246872031e-07
-3.433243225272034120e-05
-2.598760212452455023e-05
8.091896824701045864e-06
-2.928077348306103861e-05
-6.207859669359226608e-05
5.490969787968631700e-05
-7.920813759811532015e-05
6.667421249788271266e-05
-2.375961928021085612e-05
-7.545090453726276342e-05
7.177343021287868694e-05
4.336790988563429176e-05
7.591108112316769820e-05
3.321734146708947143e-05
-9.626120185797893916e-06
2.521742833470158281e-05
-2.274794453328823684e-05
2.553102441963373456e-05
-2.068713756549532486e-05
-4.736873547588590011e-05
7.456558052111604831e-06
-6.483846892225752839e-06
1.995932887123620262e-05
7.714608620505492470e-06
-1.876827307741294043e-05
1.265626764295972771e-05
-1.569643300880921384e-06
1.489155446125507354e-05
4.089931941737731117e-06
4.910458075258521886e-05
3.496481214105988534e-06
-4.144340331512639740e-06
-2.477736004862208139e-05
-1.850183764003438458e-04
1.049968355848574647e-03
1.508524799085900767e-03
2.846925332395597037e-05
4.750652012941212091e-06
1.589651136605923313e-06
1.149336572277841504e-04
-4.000139059816324144e-05
6.420175154862768528e-06
2.395524521542057592e-04
1.072159808264937141e-07
1.143684179665221274e-05
-1.403529729343210540e-04
-5.644177957398883566e-05
3.436008946257696919e-06
-3.855331717251256254e-04
3.596605219152212009e-04
-1.389764487330062302e-04
-1.054064816391069286e-03
-1.060243720791962350e-03
8.174114754992530202e-04
-9.375477353027009434e-04
-9.607727729579672001e-04
5.284642614176709855e-05
9.341667057075828609e-07
-1.145282457799193780e-05
-7.878336730360057424e-05
-1.651437782197637510e-04
5.422872490509163176e-05
-8.616947846036984249e-05
-1.061294152228587205e-05
-3.108141108122075232e-04
-5.893729610044686103e-04
2.058156161595197080e-04
-1.577725463273691134e-05
-1.344079439958814528e-04
-3.745123138193290520e-04
-8.702325550543761308e-04
2.635801775355853206e-04
4.157913860652616184e-05
1.744057339464101118e-04
-4.720689237972526368e-04
-1.194103490216350330e-03
5.181435929528071778e-04
6.801463656738352499e-04
1.383953514388621482e-04
-4.041995298820403692e-05
-1.226394000069813738e-03
9.545457662351415282e-04
-1.213458928538964429e-05
-2.284360269653529238e-05
-2.511026655818413393e-05
1.094560272300498701e-04
6.863836376622458322e-05
-4.905109031429354832e-05
5.847590570436346166e-05
-1.376464407989631432e-04
3.279561478733044374e-04
7.476949335587517072e-05
-4.109874704477927288e-05
-1.559651791365314973e-04
-3.311035435478608918e-07
-1.548614846492541396e-04
-4.200765703631732708e-04
6.238826806755160340e-04
2.444827496215078470e-04
5.026601868262743286e-04
1.677105947428582931e-04
2.279286861795156501e-04
3.403531153104361116e-04
2.094447046262591644e-05
-6.959083270880016411e-05
6.623877166178171287e-05
4.564900895343937219e-05
9.722842199966895500e-06
1.256654354343640997e-05
2.160952169380571825e-05
5.925736267276635269e-06
-5.631146005031930690e-06
8.841284284746867776e-05
-5.367563066227747732e-05
-5.094828690074154777e-06
-1.698626844864061750e-04
3.465363747650640513e-05
1.066660445576192671e-05
4.731683930265374969e-05
2.075339088237444308e-04
-1.871882876639513319e-04
7.301535222775357197e-07
3.532677610445776628e-05
-6.293222085181707237e-05
2.618161525590713008e-05
5.510680312875359605e-05
1.637766612185097265e-05
2.826119382951389245e-06
2.576595569903209387e-05
3.168128085229498326e-05
-2.829347468823803564e-05
3.924883851499968431e-05
-3.700802005006161072e-06
1.807382078338020108e-05
-5.613659800574612757e-06
5.381662139431790605e-05
-1.078362813125630799e-05
5.484458588427462678e-06
-2.678763270128086587e-05
-1.608575924117546701e-04
6.067495851008334121e-04
3.459872113082818187e-04
-1.563599419694084990e-05
-2.702195763095389594e-06
-8.482957898765845989e-06
-6.908479876499685342e-06
-3.428188185830169322e-05
-2.979289192923464472e-05
-8.584285579582433842e-05
-3.924528669532529099e-05
-6.807633590744606770e-05
4.735446285346132228e-05
-8.143584727624394171e-06
3.678726876711567169e-05
2.867593697485636454e-05
1.694752565046787841e-04
1.072357279341528959e-04
5.778724084615816147e-04
9.790099759558030211e-05
2.348728174321901166e-04
-1.487688625925479664e-03
8.174784072070215020e-05
5.041442214334208513e-04
3.879791593461851657e-05
3.345793097945892427e-05
1.326420285014371265e-05
3.211728580739358130e-06
-3.029969094797597430e-05
1.245843998776602660e-04
8.978406975941899155e-05
1.211294081798955488e-04
1.557648365493020470e-04
-1.256480956893874174e-04
2.216415081368473654e-04
2.193924258115894147e-04
1.799191027040818755e-04
1.603269531069473114e-04
-2.381042522318427756e-04
2.081102221136623537e-04
-3.135975032075975929e-04
1.287129764584353595e-04
3.695520685927083243e-04
-5.683655243524420378e-04
4.586663034770729962e-04
-5.473971969542361002e-05
1.365153718551144393e-04
8.819157677590983913e-05
-6.241889448559638222e-06
-1.857789723353149545e-05
2.773460662631267848e-05
1.736491419509079208e-05
-3.269061247060815246e-05
-1.784918589513900521e-05
-3.675013242449884965e-06
-1.740354238405975978e-05
-6.668837584852994752e-05
1.536780118267636096e-04
-4.706416653514740935e-05
-1.475122474711285027e-04
-3.175901401696160130e-05
-1.810927648993867426e-04
-1.284788171939186933e-04
2.432953031337784690e-05
-3.968775335750125444e-05
-4.114179957451141652e-05
-1.055311228532593071e-04
-2.256928420763539250e-04
3.864424487487270587e-04
1.809436746352002486e-04
2.118321741419105862e-07
6.567842749322456120e-06
1.438061112106571537e-05
1.836470935813950121e-05
-2.299651650010028626e-05
-2.030179444711425208e-05
-2.697477826898218553e-06
-3.442636934793632153e-05
4.663682556072121043e-05
-1.883258520094808949e-05
-5.134305162931489079e-05
9.256856485676253168e-05
1.923716011794006456e-05
3.089924487141179984e-05
-1.380869718014220409e-05
9.551325119648329705e-05
3.666126598857179198e-06
2.186240467850006911e-05
-7.247445503497927314e-06
1.856472109126518046e-05
-2.437238989552824710e-05
1.531325178636543945e-05
4.869917155099330949e-05
3.561748839989410328e-05
2.013506206375527456e-05
4.879772720795100927e-05
2.984848883198940267e-05
-1.633964170467284220e-05
2.989886652330106087e-05
1.599554174024437007e-06
2.003077993741885789e-05
1.676351548689482016e-05
7.624074594068290869e-05
-7.021193527067814017e-06
1.375600323836156468e-05
-8.242301348100979953e-05
9.229593082604778777e-05
-1.172097430438209662e-04
2.204076864716668295e-04
-1.106975070561423409e-05
-1.558690939104457223e-06
-1.139705655441978387e-05
-4.281350512553905768e-05
-2.519446690812366147e-05
-1.915664042699129579e-05
-4.780377698176951489e-05
-7.886336538836276870e-06
-4.812135303348864140e-05
3.859091743875669355e-05
7.415615130652802604e-06
4.614955350545557546e-05
1.671753065388835891e-04
8.374523946994092555e-05
6.847680815851076074e-05
4.766057993997052531e-05
3.692097681434929963e-06
1.746081641883769574e-04
4.243869515928227272e-04
-1.128686970924479516e-04
3.451599664562169149e-04
4.413486620446560523e-05
1.700317980433032602e-05
8.735140740271565959e-05
2.992776827320428783e-05
-7.410166684248817098e-05
1.337029556319757075e-04
4.407149452506191740e-05
3.102420195499548780e-04
1.286310996786492141e-04
-2.510716033429246752e-04
1.889095067596435426e-04
9.327895921225252496e-05
4.223941053939170992e-04
1.446355407847290362e-04
-3.323747793335841299e-04
1.585369549278996140e-04
-4.926449540383530601e-05
2.674924768645939072e-04
1.255946796903187888e-04
-1.838131212869069061e-04
9.466396783371285614e-05
-4.303951118511172914e-05
2.209101527894277543e-04
2.580107316966652031e-04
-1.084829324690595636e-04
2.817267413773789884e-05
-2.291915500611557037e-05
-1.952738791715984159e-05
2.996547150069718438e-05
8.062676615090211008e-06
6.426149502312753761e-06
2.303275869758980549e-05
3.008167710936000445e-05
-3.786274349669420137e-05
-4.628409253706661821e-05
-4.079811904275353084e-05
6.632852185419360437e-07
2.542308542037312712e-05
4.142791563633799895e-05
-1.019416160542855389e-05
2.483583724685138933e-05
-3.898357323606303754e-05
1.164659462190988868e-04
1.161207252754254169e-04
-2.943340289681847146e-05
6.159986545739725328e-05
1.520260420169522074e-06
-2.210595812218720964e-06
1.687658966957675958e-06
2.323746799166667624e-06
-1.057404821246847093e-05
-6.896078717889473227e-06
-3.396296256874392921e-06
-1.510811023433019196e-05
1.234479955905447242e-05
-3.498569227361478722e-05
-7.485795946384768827e-06
-1.081767032169987877e-05
-2.892795021379352628e-05
1.413473450818591249e-05
2.124695378770288001e-05
2.118013231269569366e-07
7.761904275660137573e-07
-7.568130371197500729e-06
-1.800019050381537722e-06
5.691939901971161693e-06
-1.776361479256366775e-06
1.247285066644944163e-06
-2.052288723645126222e-06
-6.387362555238911406e-06
3.712257632696068445e-06
-6.962285477140510875e-06
-6.721524488596366079e-06
-1.989825017509628385e-06
-1.111814832770971110e-05
2.641788701987295932e-06
-3.982645759277982944e-06
1.216410442926978593e-05
-6.517703219455858951e-06
1.511412321052520190e-05
-1.440522743681320134e-05
-7.277422525172894096e-06
3.721271440103401213e-05
8.186494066311780717e-05
1.491089043271448823e-05
-4.073844114912737720e-06
-3.412482372573165116e-06
-2.356687036802477383e-07
-1.192684588248931663e-05
-1.698140267739730761e-06
1.674287651917843414e-06
-3.099589290662114311e-05
-2.018580210707783730e-05
8.870141218892413599e-07
2.874867195731478238e-05
2.544692391696585238e-05
2.075459742524899695e-06
3.410876218791228457e-05
-3.764202008621895970e-05
-6.683282192672756572e-06
6.274967028712535606e-05
1.171906454744576099e-04
3.249294831801600590e-05
1.048260041512327995e-04
1.335603225495693176e-04
4.275638765162666173e-05
-1.135465735113844233e-05
2.692507157907110107e-06
2.523457876945359222e-06
-4.523223197994086897e-08
-2.727358297050821290e-06
-4.856621863368279523e-05
-5.914033855859635242e-06
1.650334787053061387e-05
-1.087454595781134700e-05
3.104962990956321504e-06
-3.821646879750801662e-05
2.282411456517677994e-05
4.679150030947360000e-06
-6.991314282446146880e-06
-2.170011814853486251e-05
-6.295287015974913609e-05
1.877011260067247729e-05
3.841360623637034852e-05
-2.003854595075573434e-05
1.693714707888840617e-05
6.855204170334263292e-05
6.892531158367310991e-05
3.608170391325999906e-05
3.284110057858766034e-05
-1.892125855596767258e-05
1.857993493556043762e-05
-1.442458387434113795e-05
-1.516228491701998479e-05
1.983241364250098123e-05
1.734498930420495159e-05
4.392977308686633252e-06
5.183213312595803265e-05
-5.101238731145824729e-05
1.812248561468936733e-05
-3.114754335702916841e-05
1.311033367113504535e-05
9.019462339635117660e-06
7.588708535161276373e-09
1.639015642364668023e-05
-3.075227469248009276e-05
1.525017034027268245e-05
-1.418683837895190361e-05
6.834909107180477995e-05
2.361005397122677900e-05
-2.700986115822372541e-05
2.759477716355762795e-06
1.480495219794939248e-05
6.259364573623098479e-06
5.457521062530097157e-06
3.301273485482219996e-06
-7.877222806808544278e-07
6.151271044444674800e-06
-3.491912407016175558e-06
9.714893019661931817e-06
3.516774337843958979e-06
6.484565340714834082e-05
-2.325031638263224011e-05
4.615099039746083055e-05
7.313107970625895751e-06
2.811551196582235093e-06
-7.819749659699000069e-06
-9.812658204781487512e-06
-8.012955249735427844e-06
-2.176238877733182309e-06
6.763461436644130436e-06
8.126896976393515522e-06
4.184317704000934025e-06
5.224520298608486720e-06
2.164068087199199917e-05
-9.069947701363805206e-06
-1.927123111042678837e-06
-4.980625469920282841e-06
-5.169734076419391608e-06
2.737461939274516333e-06
-4.205961684638324424e-06
4.704128504059698508e-06
-7.594132567330866245e-06
1.938298632666213446e-05
-7.700581156915553945e-06
2.641910364081489959e-05
-3.081463914773744164e-05
4.775020433802978855e-05
-1.266631849982562737e-04
1.632838865995588670e-04
-8.056919619209413188e-04
-1.642896757585608219e-05
8.273256747214631333e-07
-2.500721251166313808e-06
-7.860869402415821515e-05
-1.138874363612093281e-05
-2.196413894802711072e-05
-7.277963179380400268e-05
2.825743966258567326e-06
-1.324067701380401518e-05
5.780406646514406847e-05
-6.548674113317684034e-06
2.068792068458981765e-06
2.754184710536492506e-04
4.093016577206156725e-05
7.026414947059843178e-05
1.671418949125433122e-04
2.706910706157745607e-05
7.779805531192292872e-06
-3.389347572870817209e-04
-1.579162654612409854e-04
-2.916824431176836901e-04
-1.189212410170027918e-04
-4.001930867871057360e-05
-6.268369155846683304e-05
-8.933253536009439519e-05
1.409893561381017106e-05
-3.945555375563501201e-04
-1.370366399686407646e-04
-1.976401633278996922e-04
-2.994568135780121165e-04
4.251313477720436180e-05
-5.059289982620328221e-04
-1.691265368961610677e-04
-2.944505949882932549e-04
-3.887449244624673018e-04
5.487980716900965129e-05
-3.448188587298350069e-04
-2.323403390291025228e-04
-9.779626537777313868e-05
-3.001357684395190330e-04
2.327489192809966705e-05
1.253399688975044813e-05
-3.142163030736647042e-05
-2.314350390590286580e-04
-2.738389154837646863e-04
1.057143392303470984e-04
-4.953279421486939196e-06
-1.135806285920517149e-05
-7.264164957650277875e-06
-2.304961351546915327e-05
1.083542234699502867e-06
2.757931377124802610e-05
1.747976550869641328e-05
-2.687131082311068909e-05
6.933929132281347943e-06
2.523729511854985657e-05
2.788348703830748792e-05
1.711847685953696605e-05
4.848964330833738240e-05
4.445363691495017252e-05
-1.748364627498920460e-05
5.631307188485149310e-05
-4.086910603676022143e-05
-1.497776442643608270e-04
-1.036342678896579706e-04
2.404561983740283074e-05
-4.627906088934162569e-05
6.418285840820332258e-06
3.220721924224771464e-07
8.310383408027772556e-06
1.432278526332389345e-05
-9.575705891491877907e-06
5.943266624946972217e-06
9.026047022709552894e-06
-6.769899546724799336e-06
3.672709940970441052e-06
-1.409754573942869367e-05
1.383140197489028076e-05
-3.377783875516568267e-06
-8.127598877452012996e-05
-1.293482607486859814e-05
-3.353038570360629384e-05
-6.542319025662357641e-06
-1.323137068072603049e-05
1.294243293854494606e-05
4.799317051134438595e-06
-4.573465455051613179e-06
2.499127378014975890e-06
-5.176128388232774333e-06
-1.488471029845836834e-05
2.439721553035598102e-06
3.879567244747752492e-06
1.938857160943532326e-05
-7.661755807049519613e-06
-2.630417084571208502e-06
3.283445808826664687e-06
-1.950100397785803301e-06
7.896064877840987728e-06
-4.976631306353027856e-06
2.400157640183572520e-05
-1.851240967225656917e-05
1.891495480189443799e-05
-1.556667166789584445e-04
5.084861195199279682e-04
-8.425563854831161865e-04
1.498833270704449721e-03
9.674292345767185200e-06
-5.682982905222365399e-06
4.998644729672653249e-06
1.081588193171148551e-05
-2.131302481201531745e-05
6.027389094928574822e-06
5.847762214779494104e-05
-4.869866874974331986e-05
3.395577451105297152e-05
-5.927221135419459406e-05
2.647319652738842037e-05
-3.974851757819055178e-05
-3.959884174684973567e-05
5.375335955996595356e-05
4.382908302359309684e-05
-2.020118774197325064e-04
7.100250034481964532e-06
-2.115539629044143374e-04
-1.493150970943952301e-04
-6.097647392667184234e-04
5.169493942542305537e-04
-6.314177133158146212e-05
-1.041694548291885857e-05
-5.377831003796928908e-05
-4.719875556207535952e-05
2.505919581510345268e-05
-1.911624298912880781e-04
1.741571107703497804e-06
-5.162722387950737277e-05
-8.698475208827266081e-05
1.665101724424861835e-05
-2.596430910002553937e-04
-4.841974444549894402e-05
-2.697807502850034598e-04
-2.244694971945099639e-04
9.011444348254627086e-05
-3.013512680144602297e-04
3.480693550910756340e-05
9.093875981953150047e-05
-1.102261016473388730e-04
3.917532578536520602e-04
-2.754420242292588680e-05
-8.291699612841139575e-05
6.035837765684184952e-04
-3.850214841605316927e-04
3.777841223855223302e-04
3.725276134476657722e-05
4.654939085152009197e-05
-2.498856547130257004e-05
-4.837244346997832687e-05
-5.073769544679365061e-05
-4.024723923778481135e-05
-5.865167173969520445e-05
1.946008746935148979e-04
-1.924637225770364302e-04
5.197336793239520230e-05
1.628641820851063019e-04
-4.091273853103226578e-05
1.320069937157770598e-04
1.233530162306891792e-05
-2.354940805808079416e-04
3.423289204409834478e-04
1.621183722805892991e-04
3.773775092077427326e-04
3.277890421941713765e-04
-5.445181015624857637e-05
4.539168839743291830e-04
-1.784284380497186501e-05
3.341738840246821660e-05
4.734151610740163582e-06
-1.141130654113232965e-05
-8.488589726223299620e-06
-7.341229494724521236e-06
5.069230808982164822e-06
2.261750328086669164e-06
9.571649610891341391e-06
1.011883131621889510e-04
-4.896259654044634316e-05
9.756048876800662586e-05
1.917772526268983404e-04
1.447193792313750300e-04
2.689172176198989354e-05
9.429246310678253429e-05
-7.913328782936203192e-05
9.492161219619876895e-07
-9.205767591596708329e-06
-1.153395345226358114e-06
9.246221654566899324e-06
-1.803887291819680091e-06
9.124403941773238637e-06
2.317602965919823008e-05
-8.972798621090973732e-06
6.772978603454305048e-06
-4.265833566558688415e-06
-1.419363785424549919e-05
-9.139074973635328964e-06
2.537135753892698418e-06
3.256194381431082617e-05
2.669930555586309210e-05
1.260789427675211767e-04
9.872246700447438486e-07
4.299264324680348974e-06
-4.436657839876756974e-05
-2.949919798400140120e-04
-1.056386572114811125e-04
1.016538414846814443e-03
-1.367164415301470795e-05
2.874778439500077366e-07
-1.015229988937626696e-06
7.444513606753555806e-05
9.657049900471730643e-06
7.323943239280401071e-05
-4.314872121321736273e-05
-6.373572249580304471e-07
2.744846436373983423e-07
7.885737253062855858e-05
8.019621958665280512e-06
-5.654285945558260315e-06
-2.402213120501944842e-04
-8.314676947057732270e-05
-2.264001044475156600e-04
2.231938239861074296e-04
1.939173421007407141e-04
-1.282964507952622500e-04
-7.602884493284019825e-04
7.096493438201561784e-04
2.959071861754380712e-03
-2.682203789665642285e-05
-2.852600438327267647e-05
-1.056467663311318063e-05
-8.793328066222501436e-05
-6.691982547469169464e-05
1.682235557741928742e-05
-2.404818246065597694e-05
6.723907245874918999e-05
-2.219262204382976096e-04
-2.500528432606699612e-04
-9.430429355856977016e-05
-1.212714173267202307e-04
-4.282751785520641811e-05
-3.406569732895338193e-04
-2.865086510787110069e-04
2.961131797230984663e-04
-7.618624696437461183e-06
2.089338465337950619e-04
-1.802090114829041682e-04
-3.235905424095798268e-04
-3.908477368239586113e-04
7.917247263977112391e-04
7.174639001254474839e-04
-6.940696745093449284e-04
3.314366406939783967e-04
2.972250766872238601e-05
-3.209153159901101321e-06
-1.974579191339572416e-05
2.952450150869836675e-05
1.217285438978060768e-04
8.808441207000870218e-06
-2.582777296624039372e-05
3.771863739011431505e-05
-3.806425162160729858e-05
5.207281152665425866e-05
6.175167713647277355e-05
2.141542824639261196e-04
1.376954794834530120e-04
-3.156536870638508487e-05
1.393515699035080535e-04
-2.655371914011087097e-04
9.546093756800578709e-05
1.433629844942653129e-04
3.211547932439337501e-05
-1.744137785677184053e-04
1.905604259113520766e-04
-9.707210270032079025e-06
3.913860854627388095e-07
3.306441885917027614e-05
9.315015264633640850e-06
-6.451814004237027962e-06
1.266633468508906604e-05
1.657488304822116351e-06
2.917030953412704659e-06
8.560394922858735793e-06
-6.264924037912962215e-05
8.265638305774125052e-05
-3.675261107351765667e-05
5.913135507946641319e-05
-1.726496839163628531e-05
-1.162434817209044159e-05
-1.309121783393011239e-05
-1.682737304413574304e-05
1.784920146557708381e-06
-1.687411638012400992e-06
-5.000080476088132616e-06
1.194629522645987507e-05
-4.866498769952076887e-06
-7.997909453231956156e-06
5.712621275561858490e-07
1.392299322740360742e-05
-3.909481874003122700e-06
-1.813336524209080766e-05
-1.109964435430446955e-05
2.851923839766498259e-06
8.714732357854422599e-06
-2.817956489548424342e-05
2.747228959459827177e-05
-7.831935253758340180e-05
2.924313194437118789e-05
-4.881825222450069741e-05
4.980795678635023413e-05
4.676133608570802572e-05
3.315161282949479231e-04
5.473827254714976661e-04
-3.601385723640757482e-06
3.714192358544404558e-06
-1.184208827584161163e-07
9.502416698467231921e-06
7.364593807675211312e-06
5.446619436481196310e-06
-1.193407896383553600e-05
2.648744995207354428e-05
3.400654130048229368e-06
2.965536529630335147e-05
-2.738301251416394545e-05
1.462834351786240742e-06
-5.715566172530292755e-05
5.512449252851940112e-07
-2.428525144787289453e-05
4.493921942830030253e-05
-1.118071601596315646e-04
5.720939448308995259e-05
1.130450923454193559e-04
5.828844856946375965e-04
-4.619288071483639469e-04
-1.356442277823233641e-06
1.208742317572419410e-06
-4.430996389777743048e-06
2.069621824066836515e-05
2.924146217755668002e-05
-1.458257947465767261e-05
-6.429886246110906604e-06
-1.182871237574589936e-05
7.807173430113238254e-05
1.223732569608072622e-04
-4.765087836139133805e-05
7.996719009332854143e-06
-2.514515245714312575e-05
1.091118755651586034e-04
1.477104253118355348e-04
2.179826710677046071e-04
-1.636621824478447750e-04
4.761142494498938894e-05
2.751502430073897912e-05
9.136353866382841227e-05
-8.168624218652692666e-05
4.160602479188389930e-05
-2.684842529706512487e-04
9.156094217935606991e-05
-2.213834401155413060e-04
4.434166017590910206e-06
7.525508020969787573e-06
3.973984140657155844e-07
9.919186771737416948e-06
9.262813260058511228e-06
5.547044618716934049e-06
1.908091931372368102e-05
3.258523188844446170e-05
1.010532839445805247e-05
-1.848816827249413443e-06
-1.514322182813948103e-05
-1.541557092696925900e-05
1.248349948706722259e-06
-6.139743153935232965e-05
1.020177069024167764e-05
2.468755519442065229e-05
-2.248272448724524685e-05
6.896065207418555852e-05
6.380368379845225400e-05
6.208597701860829599e-05
-3.507876997874985925e-05
-4.026815096242114045e-06
-7.549668600350135815e-06
3.565431439164902919e-06
2.334847565172854577e-06
-3.428054367822467305e-06
-2.786836349997167184e-06
2.050042364651887361e-06
2.664842126427600669e-07
1.341801945815547731e-05
-7.888512942364987182e-05
4.674441655410719178e-05
-3.582991629815184784e-05
-1.056537425594472802e-05
4.490320306680593122e-05
-3.435936125814347289e-06
1.106673066264087520e-05
3.311276385570612209e-05
-6.011056566498957594e-06
1.785607714659558436e-06
-5.837060583446533153e-06
1.700203635912371158e-06
5.219898970046674968e-07
-3.838941714016036147e-06
-8.283074245697271813e-07
6.968395945058515647e-06
-3.148269964151300296e-06
1.275939876091089068e-05
-2.223260872145653143e-06
9.341892332209946438e-06
-4.529001646434167494e-06
2.126628363399194019e-05
-8.383499572069216148e-06
6.477667565462696465e-05
-8.999145600419126493e-06
2.135629241995134475e-05
-5.078465747087119650e-05
3.473582615411167977e-05
-4.248878635567802552e-09
-1.490531153648529084e-04
7.362748419812212295e-07
2.555355670990043922e-06
1.570886061771281002e-07
-2.226460794851175429e-07
1.846471608254494860e-07
-7.577484081778923916e-06
3.460749807945059757e-06
1.407246411606603067e-05
-5.116334015133872579e-06
-2.460052279958092695e-06
-1.984636689693209584e-05
-4.598038474849844542e-06
-9.719382926612051360e-06
3.481325101434555347e-05
3.002020309814819367e-05
2.617531888201417385e-05
-2.144833633500429647e-04
4.764785752600242277e-05
-6.703373032743560568e-05
4.826655217615202884e-04
3.805576019278288921e-05
-2.143091966043327687e-07
3.121485887730028306e-06
1.550440199218330108e-05
-1.653236491773477651e-05
-2.627841821559706627e-05
1.659647270661010018e-06
4.285854542320305057e-06
3.981957413915804299e-05
-7.871986548010995936e-05
-8.794146743305508913e-05
-2.024331484483946827e-07
2.207965196475092048e-05
9.562111709444026187e-05
-1.075671265669444880e-04
-1.534498768802228393e-04
-4.081304199095578058e-05
1.016125926599874269e-04
1.708370096968149903e-05
-3.961990435931032000e-05
-1.398050009645692251e-04
1.141515090052410715e-04
-2.273283595648066901e-05
5.904985198656618342e-06
1.152434568732434687e-05
7.556362961789542262e-06
-5.838081447300301335e-06
-8.551225339746574080e-06
-3.805386275425568303e-06
5.091633622070046821e-08
-3.404235480132411906e-06
6.400295220370952331e-07
-1.575892940752638149e-06
-5.386970637281826017e-06
4.416850663584456587e-05
-5.412399925241779300e-06
5.641285119121144947e-05
-9.412733001630034079e-08
-7.172399471848273450e-06
1.061733893935236558e-05
-1.608398713586339858e-05
-3.372962728858961757e-05
-9.211574972313301692e-05
-2.996558489783007750e-06
2.152924768935482564e-05
-5.656800090215536236e-05
6.431674984591979796e-05
1.909757451412241023e-06
-1.947787700360815781e-06
4.001506253508524974e-06
-3.833724664626525632e-06
8.893182924405665396e-06
-2.486708086014551764e-06
-4.583284979753100864e-06
2.798188438838702633e-07
-2.760463149250963711e-06
2.037692245373318972e-05
-2.016169180068809434e-05
7.963123187931482535e-06
4.692614239745072815e-05
-5.391393107346742512e-06
4.679125584491602113e-06
6.128265007119247902e-06
-1.851056460874574369e-05
1.662735217102106621e-05
3.179791633075747630e-08
1.655851555828089079e-06
-3.422482936254045710e-06
1.917876625447552415e-06
4.558067302608692916e-06
2.407914742377439115e-07
-5.591339193933659982e-07
-2.661263797630813075e-06
-7.347589654346072589e-07
3.526476477767291190e-07
-2.321010334399477993e-06
-1.728762289806298890e-06
5.706872911929551783e-06
-5.305948650419529035e-06
1.587147590524966100e-05
-1.190795674594186026e-05
1.091515746966229241e-05
-4.962701739571878103e-05
1.171920676366076171e-04
-1.763273312994892674e-05
3.702809638090189350e-04
-1.405382212997803732e-06
2.361223069407103601e-06
-1.346440354458197594e-06
3.162864358826508406e-06
9.800969451140937059e-06
1.081402654159976387e-06
-4.261497489788599830e-06
2.050617397493291965e-05
-5.977664357265140525e-06
6.951273681853977320e-06
-1.623654941751733586e-05
5.535449544035347233e-06
-9.557944891101544747e-06
-2.207462635948008637e-05
3.008643057078703017e-06
3.200084171444941345e-05
-6.968136152594699563e-05
-2.065523515841627677e-05
3.459490273853737310e-05
1.063568799494369748e-04
1.040858662764569437e-04
-4.071084966327865984e-07
-6.664885430023859441e-06
-2.231540334120752729e-06
7.995419969905569750e-07
-2.550664501864105604e-06
1.469764993959948640e-05
-1.093486079783261655e-05
-6.931367282927639926e-06
4.254157913011246875e-06
-8.186814636695565094e-06
3.626124230571005145e-06
-3.181778354688800047e-05
-8.651168509096168177e-06
-4.224503090990735417e-06
-2.297015557403719226e-05
6.362597701403380527e-05
-4.470349612357665776e-05
-1.305702168979722222e-06
2.446109939736164382e-05
4.341806845409229393e-06
1.969771681557185312e-05
4.466359946534348337e-05
4.874372251584393806e-05
2.506083101337140150e-05
-1.200971674972626644e-05
5.010672932323558760e-06
2.732059098968770777e-06
1.889717821072525549e-06
-2.003299854941251438e-06
9.136638831444146645e-06
-2.116733989574107014e-06
-2.203987975133630979e-06
3.054243646628000192e-05
6.620416983563228259e-06
5.297823456994745201e-06
2.266368095141994495e-06
1.674014773206238140e-05
2.501968487090569325e-05
-8.699770226995326718e-06
1.729609122297867967e-05
1.880848963610697909e-05
3.627617754072480727e-05
8.565258983686039029e-06
-2.650121782901515240e-06
2.109936164452524190e-05
-1.992885237635219539e-05
3.697427828272421226e-08
-2.434417982934759881e-06
5.278173128104343089e-07
7.687408865925755924e-07
3.052593976375607830e-06
-6.285283535389652814e-06
2.003015208272159977e-07
-3.868785815160456332e-07
-1.050566332993641432e-06
-1.317475614329566648e-05
1.201297227587459574e-05
7.434517886559262408e-06
-2.227048858226901505e-05
-7.970406326558189875e-06
3.353451249732259804e-06
-1.615901717559417449e-06
-5.757751050333353471e-06
-4.719662464458823450e-06
-4.123301841508020065e-06
-2.037493363554844418e-06
1.536357525460835683e-06
9.224695752643402633e-07
5.843730508547396075e-07
1.919580227011678219e-06
-1.323101785141413738e-06
2.018184218381532582e-06
-6.065959470153188204e-06
6.380498398883228364e-08
-4.390333980190566469e-06
-4.489439607420198595e-06
2.035514975838874198e-05
-9.082164463460349273e-06
6.194286021836586974e-05
-1.069038060854849886e-05
2.403048918387684256e-05
-6.564941438256493135e-05
5.988470888065182857e-05
-9.159685894162542170e-05
-3.372437320075318836e-04
-1.502036232391246754e-06
4.356004813315831777e-07
1.027884959074906412e-06
3.333833532309389203e-06
8.131144259216980719e-06
4.368519547655227044e-06
-4.967546869738103617e-06
8.148599367644759927e-06
9.232059555397655729e-06
7.637424605929179184e-06
-2.179484223537329430e-06
-5.627677760888283590e-06
-1.066146263429551719e-05
-3.723327872263108303e-05
-1.339285555163326845e-05
1.177648402299940029e-05
-1.740298346903612525e-05
-2.810811583560402367e-05
5.193060332365171810e-05
3.305443257260413444e-07
-9.805978675334250515e-05
-6.107658287736935577e-06
6.386981044311714540e-07
8.752361418261485701e-06
-2.221740298284636644e-05
-1.795446537100031220e-05
-2.718236758354893900e-06
1.209417514335702471e-05
3.768117787002833805e-05
-7.113168425091564659e-05
-7.375895415077825181e-05
-2.873188383292025211e-05
1.504665189052693755e-05
6.140730118289037154e-05
-1.337239662308909317e-04
-1.000428157263910862e-04
2.715578698540301638e-05
-1.773673990519389110e-05
1.641948362618512983e-05
-2.092058778866866584e-05
-9.463720751448016343e-05
-1.323808708341651340e-05
-1.063830783193494268e-05
-8.556781770479958207e-06
1.302358213071038990e-05
-4.881225831967392258e-06
1.181523177170336613e-05
1.108986157146721570e-05
-6.501544279026019721e-06
3.135864658827152905e-06
-2.390520650270122165e-06
6.139207104290430614e-07
-1.078950056220101777e-06
2.614498771258391135e-05
2.717681765312202354e-05
-8.574360398883262385e-07
-1.621095964269773642e-06
3.256414867323369969e-07
-4.526452597667968151e-06
8.884331977953822691e-06
1.631491106892744706e-05
-1.252878334561133952e-05
2.375435027059003909e-05
8.586206400249478710e-06
2.755326516361269880e-06
9.957147822680812864e-06
1.781000706634441012e-06
-1.685255031296979722e-06
9.081687962959423387e-07
2.518771998469370804e-06
-1.570484527465577299e-06
1.224904447033769352e-06
-3.362750887676727709e-06
6.518199086089907023e-07
-1.211664088029079003e-06
-3.764680155602363925e-06
5.415223513390397597e-07
-1.531344573179651524e-06
2.167254286271975044e-06
1.040402426371020776e-05
4.939381566503013830e-06
2.092206688694478682e-06
-5.312067115396293434e-06
-2.307576898305738228e-06
-7.098987019489107901e-06
-1.747619722784909829e-06
-4.389393502001666323e-06
9.240099938745947654e-07
-3.529155319154200593e-07
-2.106923940857605951e-07
-1.541377467071680030e-06
8.082055109987093640e-07
-4.868043847545742844e-07
-5.702174715573355341e-08
5.752487220310971626e-07
-3.601054077186070574e-07
2.825567757176114593e-06
-2.675812359266495528e-06
1.265826341099754778e-05
2.556529394429163757e-06
1.405100099549644191e-05
-1.552690020357251586e-05
1.090392690599293224e-05
-3.198961506124030303e-05
-4.721080957630726836e-06
-1.342716169107734310e-04
-9.708055688349283029e-08
6.292093788388045262e-07
3.696922525826173484e-06
4.565573297125127070e-06
-1.031676496422422827e-06
1.023969520679748423e-05
-9.144397169449006726e-07
3.229603934156709186e-06
1.134264167714636891e-05
2.620221966395379923e-06
-2.327684475454466081e-06
-2.002165271682445453e-05
-1.831910246407821938e-05
5.580653582735677083e-06
-3.557181278888201783e-05
-5.859306787632819281e-06
-2.375660285572598642e-05
2.154695569898741567e-06
1.070140965951733907e-05
-1.112385664765660483e-04
-4.674137916251446732e-05
-4.752552053882602891e-06
-5.455459226151394236e-06
6.529756986497471945e-06
-6.108960082238230680e-06
-5.612288832478467494e-06
-1.110664473464163122e-05
-2.409838160816021432e-05
2.063813133913894399e-05
-1.677698404675144315e-05
-2.524177475727949811e-05
-1.945097263406002524e-05
-9.920920658402834826e-06
1.393047266719791002e-05
-1.723856567345144304e-05
-2.136705111539453754e-05
1.174032618479838379e-05
-2.874011557805991899e-05
-1.012556619828100623e-06
-2.675960837855021745e-06
-3.468864960737850627e-05
2.980880553089360229e-05
-4.035371790284957185e-05
-4.560967618828610926e-06
4.456693431371210103e-06
4.020578195554588602e-05
-4.388843630243619695e-06
-6.104924725676322347e-06
-1.066282392765972038e-06
-1.436214323928667739e-06
-4.461216409920715785e-06
-2.594558126957411126e-06
-1.831771198640391109e-06
-2.395020348140900856e-05
-6.622667064705620889e-06
-2.615476252024397965e-06
3.179245956566509861e-06
-1.056152631320607514e-05
-6.013372434435864151e-06
7.810468389601482765e-06
-1.258373459126492789e-07
1.300326897267345660e-05
1.043016493672960323e-05
-6.070211274953149606e-07
-1.447723239251202701e-05
-1.430756579835666890e-06
-2.541017457627144731e-05
2.789469450589258024e-06
2.049528555474382876e-06
-1.953139249198614357e-06
-1.706834494623456365e-06
1.352014926131303735e-06
-4.357422565527155082e-07
1.514491750257676951e-06
1.776559061840917902e-06
-3.114400160870164927e-06
-3.263567834726938046e-06
-6.793568420235988313e-06
4.576944417304390438e-06
8.465766120524738006e-06
-1.973812524887067286e-06
-1.165891391054217662e-05
-3.223722006815241830e-06
-1.244992994067691717e-05
-2.221741487664500400e-06
1.958012124695212532e-06
6.607044271981829972e-07
-9.392362250746251405e-07
-1.281906994008037943e-07
6.022397701979057386e-07
-7.542317078445789302e-07
-3.156582312452367033e-06
8.175808791343304572e-08
-1.714558344986230686e-06
9.278512542114101423e-07
1.745967144394135362e-06
1.327633922583909597e-05
3.006278473531835709e-05
1.937082826085088496e-05
6.581326505028900996e-05
-6.073183356982612338e-06
1.081670205459031691e-06
-8.136076961008332350e-07
5.886914751791688827e-06
9.916759048839027813e-06
2.984660487831046970e-05
4.157601865916158736e-05
2.463578643591176798e-05
-1.155355962988346786e-05
3.614456048572084033e-06
7.248771248973745104e-07
-2.277158838650605964e-06
1.538686252916716104e-06
1.648813097548440668e-06
-1.292238015901214038e-05
-9.551075659400730256e-06
1.002456981728313072e-06
-5.064069071630389522e-06
-2.067885511354857880e-06
-6.872838974348049864e-06
5.244805048577162164e-06
-4.190331257308717803e-06
-1.120391310973062988e-05
1.630883740428758227e-05
1.963309381099228587e-06
-6.567361320842538256e-07
-6.126492271762243826e-07
-3.899268705235309739e-07
-3.331810589789880769e-07
-1.265870596742504936e-06
-9.045092871822372315e-07
-2.782038467422937626e-06
4.413510838412205939e-06
3.788618082398967954e-06
2.356174478428836422e-07
1.084362502806279095e-06
8.226360958389901931e-07
-2.296062754490570267e-06
1.306430689822362098e-07
-1.066179865088651284e-06
-6.972612362421281482e-07
-5.159809661219892638e-07
1.050488458593661884e-06
7.295775948682675665e-08
5.845426084932659867e-07
3.799453896805941099e-07
3.572844250890932462e-07
1.488295694290196000e-05
4.702197045931031332e-05
1.289521798872321934e-04
7.367636186206430570e-06
1.403848134339572883e-06
1.110176385996033727e-08
9.756370642288031335e-06
-3.144490671298329264e-05
5.097806194799134025e-06
-1.402302148563177873e-06
-1.284275472699912828e-05
-7.435864449640074180e-05
-4.165063185006577119e-06
-3.413197810578561289e-06
-2.961772872368829505e-06
5.049426610333260729e-08
9.393088408060090628e-07
-4.471907029749652423e-06
1.489519374704309449e-06
7.678390174630336692e-06
-1.975527776947916200e-06
7.134373662372920021e-06
1.897771088258756546e-05
1.930343170827386349e-05
-1.352927043232808222e-06
2.055472548908444022e-05
1.022527084490228477e-05
2.605560259318907937e-05
9.112839481655927898e-07
1.799489839213945461e-06
-3.525351749203107427e-06
1.362244532709417863e-06
2.036944531776351223e-06
8.491992630310913310e-07
4.726647583031121800e-06
2.808167425561168177e-06
-2.364943202553218203e-06
8.436826130093777533e-06
-1.492618206888352788e-06
-6.215012808977503635e-06
-9.063471628173941304e-06
-1.488307421178664163e-05
-2.005410422294867208e-06
-2.018626000203817210e-06
-6.064089754353815814e-07
-1.126038740276949306e-06
-2.228315357793246385e-06
2.191194242835617436e-07
5.229620159478638248e-07
1.232128876778196652e-06
1.008988813289432607e-06
7.696252356092118938e-06
-2.804472495817160626e-08
3.537065750918984373e-05
1.792298246122758570e-04
-2.082744645543232341e-06
-6.445606586459787829e-06
7.505399811868588893e-07
-2.546970551791787017e-05
1.220705247048318755e-05
1.423763159454651572e-05
3.635115725478274519e-06
8.910786876283491808e-05
2.237383812677376757e-05
-3.304682062176792966e-06
-2.854739366745066520e-06
4.127045431877024468e-06
2.600777067034929178e-06
8.370665869643995472e-07
1.349737651150958155e-05
1.271812888424947196e-05
-6.058354821543655181e-06
-2.774078427924739360e-06
-1.163633082754733490e-05
2.498654650105092319e-05
3.354347290002016225e-05
5.746869761329069635e-06
9.648390019987058641e-06
-3.404345374235564494e-05
-1.150305469652967068e-07
-4.056792997559641197e-06
-1.444103165916360490e-06
2.993661929780535875e-06
-1.332756348975519817e-06
1.377881825308366583e-06
4.295327888052935037e-06
2.131301406721696263e-06
1.635260495329382769e-05
2.314929078762710269e-06
-7.507370021373751482e-06
3.757885861223055442e-06
-7.047665597167554889e-06
-1.746000306258750206e-05
-1.457821935286629271e-06
1.001715988360120138e-06
8.935456137016715836e-07
-2.830563661471207765e-07
-1.223031706750988790e-07
-1.824265646669680657e-07
9.945444700120199792e-08
-2.818953844726477178e-06
-1.985239798781137823e-06
1.541264818129650283e-05
3.038947540130352174e-05
4.657388208080727741e-05
9.332984756303098985e-05
2.319066992875896176e-05
-2.886931759929192978e-06
1.561065349937122603e-05
-5.597713981690360225e-05
2.880649297050252850e-05
-5.893234908301926337e-05
7.201317100210420359e-05
-2.688615582314481947e-05
-3.688773988068923482e-05
-3.317455343493472822e-06
-5.836618095629255953e-06
1.718508585864967359e-05
7.267724346591604982e-06
-1.019371383154715809e-05
2.993586177916128050e-05
3.914802501255113800e-05
-3.982315411431890995e-05
-1.162232830103334827e-05
2.759365602218855261e-05
-1.287112930614093157e-05
1.612904900334360321e-05
-8.961843118637904991e-06
1.246183308716813193e-05
-1.188963794503020218e-05
3.085711949828774719e-06
-1.582119468608654964e-06
-3.726466076764666189e-06
-4.267590887874934314e-06
1.880392293614421949e-06
2.656153647289149698e-06
2.716923219276352793e-06
-1.644928222108825319e-05
3.807342640210108686e-06
2.772543777240275986e-05
1.917994825978057029e-05
4.099259346464669137e-06
1.022157290092080110e-05
1.116850389560730667e-05
-3.525102387341482402e-06
-1.136323788052677538e-06
-1.943043504666291911e-06
-5.251405292740748477e-06
8.780550394115321517e-06
-3.939031661141283691e-06
4.911293461258923349e-06
2.933062135858530886e-06
-3.668919623404352634e-06
2.497577500818175611e-05
2.763241560398135700e-05
-2.524882772619557946e-06
1.110399795026096184e-05
2.177255278290158415e-06
3.873194124787946788e-07
-1.044493180185178331e-05
2.024580580033882036e-04
-2.065548993355453941e-05
6.575456501585824555e-05
-2.792363169072833279e-04
-4.330388261857465592e-06
-1.822992535464839357e-04
-1.041702983850289997e-05
-8.650930495453271706e-06
-6.180311595963891055e-06
6.170898414550879774e-06
-9.113399847088196287e-06
-9.906813728064245482e-08
-7.546787113031320365e-06
5.044465849442682627e-05
1.413144480586507446e-05
-1.187360980020148383e-05
1.642764806147510652e-05
5.009593883480156095e-06
-1.182190535931397469e-04
-7.407360719340930178e-05
5.502885924348005313e-05
-4.286496641624366144e-06
1.811351159065113963e-07
-4.675275219631092851e-06
2.057603913326343020e-05
4.756716119503386013e-06
-3.407659359087501110e-06
1.529201684695166840e-05
1.729864250980143187e-05
-2.668297425001473216e-06
-2.400942808818912072e-05
-9.833417511606454250e-07
-2.650374451008716300e-05
-6.917714603085874309e-06
-3.213278659536685572e-06
-2.634827563161698368e-07
1.453490582962372396e-05
6.848686484521157199e-06
-2.574787454322081311e-05
1.700293211703163564e-05
-1.872854806014932405e-05
3.067848886021920969e-06
2.122876351585491780e-05
-1.155552891059562742e-05
2.834877435118967628e-05
3.713219795523561438e-05
9.496589706424170621e-05
2.199825683316992703e-04
-3.639753687362744082e-05
-7.394976151637099982e-06
-1.727720765912757532e-05
-1.556586139059589521e-04
-3.274906004881731258e-05
-1.436241591422769313e-04
-5.259625900024912431e-04
1.529781077542401125e-04
-2.620511185514511152e-04
-4.370625439153482647e-05
-1.543771539265558778e-05
-1.748019650188080570e-05
-2.152552214633772439e-05
1.160714102738339937e-05
3.243245639919640051e-05
-1.410661641439230945e-05
1.312137959484224355e-05
3.018122499077738333e-05
-1.789350868036787405e-05
-2.673707404451083403e-04
-1.527692410690709287e-04
-1.537666028453089960e-04
-8.696077851075208762e-05
-5.194794105714069010e-06
1.346766640101643267e-05
-1.235218127253629289e-05
-1.131373892980388240e-05
-7.240339931820944394e-05
1.961700228324698834e-06
3.156447248741484600e-05
-2.235560101595800852e-05
-3.486653638160692068e-06
-9.068948908361812311e-07
-1.743195065792371926e-05
9.924594179495859164e-05
-1.228500958570488520e-05
-3.983427169347313106e-05
2.095945386955134145e-05
-2.610801011203115133e-05
1.636103365621661241e-05
-1.192949040226086201e-05
-4.398689147452365184e-05
-1.751569360424811072e-06
1.225016054266394027e-05
2.257229899267958006e-05
1.252275740947626097e-05
-2.712932343478800291e-05
1.099374972879901153e-05
2.768676568658592490e-05
-6.040894175648534449e-05
-9.019868788037731604e-06
3.517408235449631578e-05
-2.499837648373531750e-06
2.273390828629989532e-05
-1.728244254191364663e-04
-1.539560911009269404e-05
-7.109468932810442468e-05
3.167002117047016210e-04
-3.625798172809252540e-05
2.162532782867417048e-04
2.118769186091084262e-05
1.573943994347946318e-05
-5.625608797360233389e-06
2.392297508065417004e-06
4.274787563805131094e-06
-8.545523287899833983e-05
-4.564615019659096673e-05
3.286763498400258944e-05
6.615797036606562077e-06
-2.511964859240200618e-05
2.511209283321460875e-05
3.691108420979122566e-05
-1.388329288476046811e-04
-8.180587920559251943e-05
9.003903516687575541e-05
5.157885990939890407e-07
-3.508938813221921000e-06
-1.132361921815824220e-06
-1.694739369495833301e-05
1.271484294371523699e-06
1.371997872394819487e-05
-2.421009016846120563e-06
-3.253629116885647634e-05
2.672538222075721383e-05
3.202676790512832769e-05
4.852900683966431504e-05
1.507414522573528163e-05
-2.590003806471630887e-05
2.631957266579982083e-05
-6.223523803818343786e-06
1.639602697258248616e-05
3.331065739757309802e-06
-1.541009604485056646e-05
-2.436382099685183893e-05
1.783944294206864012e-06
3.285282379543224935e-06
-1.382980075508525854e-05
1.255293239252731983e-05
-3.210616800112247465e-05
-5.484234681051086615e-05
-2.754077724305823609e-04
-1.622256796434431677e-04
5.333880524319293593e-05
-1.406221585695639394e-05
-6.441506420841008072e-06
1.022588012457328031e-04
4.193857404080220130e-05
3.475525312848678746e-05
8.078738983333180474e-05
3.313297618823936118e-05
2.700350988640513980e-04
-3.607749805628881145e-05
2.527108316338016552e-06
-1.368808288005162922e-05
-3.219796994399814257e-05
2.207042302733129772e-05
3.891573671949311193e-05
-5.197178452944353977e-05
2.457637504975309815e-05
6.066358769325594949e-05
-3.399339410439494296e-05
1.708451756977336666e-05
-1.099913633615802022e-04
-7.656132004422259714e-05
4.183038378364148464e-06
-5.131243775137115335e-06
-6.508747701294440687e-06
-4.329690334060064067e-06
-8.632722068585641501e-06
9.598216797813664624e-06
2.263510461549464081e-06
-8.630989369222101260e-06
-2.992276646691114164e-05
2.923459568565364423e-05
-2.214136078037934701e-05
1.719320466155114385e-05
-5.068909379492505558e-05
-3.669445302056506180e-06
-4.886399379530111227e-06
5.757907895641762891e-05
-8.967659028510376897e-06
-1.437503339134312215e-05
6.038407765504001303e-06
2.322477030223281042e-05
1.618919092113629770e-06
-6.047985425320397322e-06
1.522931543451501203e-06
-3.956671780349772380e-06
4.622551980898727672e-06
-6.822122169083298628e-06
-1.922542221969490245e-05
-2.089614404102407407e-05
-2.557685934613598562e-05
-9.090541207463118350e-06
2.763827933813842080e-06
-3.995084618893993281e-06
3.242898622015109232e-05
-2.220545340908937565e-05
3.110732448935602456e-05
-6.778097120734554858e-05
-3.034042253522487134e-06
-2.490823553946111381e-05
-9.591583833283393829e-07
-2.703292756359446478e-06
-2.879575583239406318e-07
9.147701061352369550e-07
-5.816405337599941049e-07
9.104927041000630196e-06
3.736518101690849439e-07
1.570893715368733764e-05
1.394981168362084208e-06
-1.543699477198200887e-06
2.187343127947290373e-06
-3.730131950589035331e-06
-2.014191419309788010e-05
-2.079074021213618979e-05
1.191591486698537296e-05
4.204889372494302759e-07
-1.024675769364758002e-06
-1.783657188390118906e-06
5.626993335922394042e-06
8.465206448923502614e-07
-2.580422482215291130e-06
-3.410854006140823515e-07
-7.302951520035798688e-06
8.763714871420849058e-06
8.854249636658143675e-06
-3.666790781051758479e-06
-4.664629730812085474e-06
5.367754656830401808e-06
9.010438747868911176e-07
-1.202132072151631528e-07
-6.987270773613489622e-06
8.084037017480764616e-07
6.333912426708167410e-06
5.506158102372366811e-08
-5.136165236245215770e-07
2.169543338511748530e-06
1.128757428360183229e-06
-3.008438332646646759e-07
-7.315138145315595420e-06
-1.872098113171625301e-05
1.993976621862041197e-06
-3.813412928944201772e-05
2.876085851877483681e-07
5.860649944965483082e-08
-3.700058707772015661e-06
1.347438548717349827e-05
8.102469660031163596e-06
-2.195558856608318852e-05
-6.645470360188125041e-05
1.695603725960009373e-05
-3.083423063111281648e-05
2.280330255009004129e-06
4.926778972497935464e-06
-8.131289232687771571e-06
-7.461041516810869351e-06
4.980812193584039697e-06
-6.698483154898574893e-06
-1.697977145378596202e-05
2.949751388163055919e-05
1.355840761771056542e-05
-1.664385835344791951e-05
-1.878355848537412143e-06
-1.084746432675737481e-05
1.603373941109576410e-05
2.189929901527514430e-05
-7.662052414618889968e-06
2.926881312229390348e-06
-2.744494927352265822e-06
-5.120287949597050797e-06
4.529988221491985726e-06
1.842712257542900311e-06
-3.412522654868012424e-06
6.429224706933481387e-07
-5.414070840186573052e-06
4.399708065181155277e-06
2.046877640255228005e-05
-2.420296705035393853e-05
-6.119506663752252238e-06
1.393478777118228549e-05
-7.140074426274355479e-06
8.282618001266139534e-07
1.954676498636218496e-06
1.102523803637239066e-06
-5.981061148355499191e-06
7.388545913707058708e-06
-1.005782886556876025e-06
-2.539527003060401718e-06
4.467267788023166379e-06
-4.630459968975928084e-07
-1.026509369240485864e-05
-2.936256126125607655e-05
-5.287879997332854454e-05
-2.272076781493722982e-05
-1.549529275298111072e-06
3.221824947385686056e-06
-1.746041638254394430e-06
5.250857083131679163e-06
3.537055703643027516e-06
-1.038103803371212602e-06
-7.226094036529643467e-07
1.788849597231512349e-05
2.101045644349699268e-05
2.101505813007727198e-07
-9.147488551006840380e-07
2.456773572814357152e-06
7.871592422793748841e-07
4.080548198263073897e-07
-9.222536262822332450e-07
3.925159187363501218e-06
-8.177226934382633486e-06
-2.886773354383151276e-06
-1.766501388168013751e-06
-4.600553866519111355e-08
1.054151871348810084e-06
-1.279218607097836517e-05
2.976692436052006980e-07
-2.618504552211596027e-07
-1.015081314840529861e-06
7.008684433945803643e-07
2.086577510601273545e-06
-2.180820171522551937e-06
-3.999622150331442180e-07
-5.833774884116681437e-07
-1.028373601079369557e-06
2.246502397061923739e-06
-1.690006929231478177e-06
-8.626463570061284635e-06
4.917365224736589783e-06
1.626020073402437898e-06
-1.579322571073868359e-06
4.971355317391442692e-06
3.115649391517585403e-06
-1.618863373938304862e-06
1.396490801106785312e-06
1.736761263369137618e-06
8.953248082590379452e-07
-7.943515419619514366e-07
8.405910518384974881e-07
-7.222974777376894730e-07
1.027651624210239595e-08
-9.213292280018901012e-06
-2.320926410932866657e-05
-7.967950605505455113e-06
-1.352944086899195184e-05
-3.453494281291491944e-06
2.678979381563352034e-06
1.179253456839838479e-06
-1.503037816107997769e-06
9.810036321734939179e-06
2.359773599715571203e-05
8.677582156779166766e-06
1.743757114726492922e-05
8.406905085157498632e-06
-8.175572845259738612e-07
7.578841858816427084e-07
6.011381364724173893e-07
-1.904825279970410302e-07
3.339745087331001997e-07
1.350896848542754421e-06
4.350698101063515091e-06
3.924177500724200214e-06
-5.283238311464569871e-06
-5.136355610908459122e-06
3.419360194174884831e-06
2.619580766467868583e-06
3.205417665146485209e-08
6.678327417786261622e-06
-2.111540368804783293e-06
-3.843978878589632334e-07
-6.016894257328625031e-07
4.664165449521606684e-07
-2.709961728590681890e-07
-1.192806592075650866e-06
-5.892570073567295463e-08
4.839143143076108960e-07
-2.038816366613627448e-07
1.048261402516902221e-06
-7.213397665049032348e-07
-2.900663109630351262e-07
-4.508753201925402654e-07
7.813132427808822225e-07
-1.651694938726066750e-06
-2.049725716897899601e-07
1.514671559860549198e-06
-3.451721627202826930e-07
-1.084807741067124180e-06
-6.014851147869916312e-07
-3.494233608011444879e-07
1.870211892125764537e-06
-7.313432784141052648e-07
1.402637908023501300e-07
