1.340183829253641656e-01
3.335718142075629888e-01
1.145036850252566074e+00
1.775227136211059653e+00
2.200774367401698406e+00
6.387093835855771617e-01
-1.895841758919852849e-01
3.553132838166047081e-01
4.137338242823153101e-01
3.185424589641957377e-02
5.371041412371310936e-04
4.552060391512766676e-04
-7.500178672318995321e-04
1.200680013163997212e-03
-9.090905127060177086e-05
-1.891529670536833390e-03
3.983423682933004244e-03
2.251288629002807899e-03
-5.784576986134576382e-03
-1.282829596526751910e-03
-1.416727585119948590e-03
1.760905834846320222e-03
-1.973675186602202262e-03
-1.248594932067222671e-03
2.702973735826502168e-03
-3.317954606186312994e-02
-1.247880123262583643e-02
4.957192023576349749e-02
-1.016572798963079338e-02
1.004811365375339778e-02
1.843539731919307395e-02
-5.207163126543225230e-04
8.069981858146817438e-04
-1.875667467431603756e-03
2.784050617514122888e-03
-9.138158430011465412e-04
-3.382902357835368672e-03
5.469196342119442104e-03
-5.924992971697920496e-03
8.990613315268349351e-03
-3.527918092420546155e-03
-2.879432998959224280e-03
4.001788728545948443e-03
-1.269050561448286860e-02
1.952366119156155599e-02
-5.143625683145765411e-03
-1.882820052993184126e-02
3.356537177682074324e-02
-1.748415606089665647e-02
2.265713055229784043e-02
-1.886044999344142076e-02
-2.206105675162577193e-03
4.395587996026687622e-03
-3.611287672116972238e-03
3.654090232873751995e-03
-4.044306839494166139e-03
-1.060992038678433384e-02
-1.810265996161700142e-02
2.996159994960927858e-03
-4.919824115525020698e-03
1.335450940634594699e-02
-1.391782770861439006e-02
-9.813321036571613209e-04
-2.289716631981851547e-02
-2.043141189078956366e-02
-2.758849536961129490e-03
-1.154662499038993338e-02
1.552660603934136879e-02
-2.357689379018074183e-02
8.659253589638915170e-04
-1.374200277632191790e-02
-8.213113804880926849e-03
-2.891395112336264152e-03
-6.598003094129561638e-03
-2.248992778238521699e-04
-1.070332508414329094e-02
1.607344911474602742e-03
3.751038646911743300e-03
-1.977616715517380337e-03
-1.602106924511604484e-03
-2.631979913377748437e-03
-1.880595119949937015e-03
-2.577293544174733518e-03
-3.901597983772101029e-04
-8.952403735370473769e-04
-3.168674870123576611e-04
7.282482523139124746e-03
-3.287759131079664825e-03
-2.042402219439722923e-03
-5.062076184630401668e-03
-2.845910650410615229e-03
-4.649668985655278780e-03
-8.464123449878627669e-04
-3.297971767484001934e-03
-1.350075830134053355e-03
5.353554395396694721e-04
-5.829674855278127151e-04
1.671520867841373053e-04
-1.439581644338987004e-04
1.077932538782176357e-05
1.850591350495135040e-03
8.723469660713581908e-04
-7.234998398588076687e-04
3.233668511840571101e-04
6.004578716182647474e-04
-6.902644761463096667e-04
3.265194175500993334e-01
6.612237225595317680e-01
2.255217188898386294e+00
3.699140561625912760e+00
2.716889732195275187e+00
-3.757868679895548514e-02
1.514506757211096233e-01
7.161233655986160018e-01
8.689586576374327409e-01
1.069313113321225528e-01
-1.207506899441407973e-03
-4.939966245522291362e-03
8.708106933041115686e-04
-5.186983116181098641e-03
-2.416361863089381765e-02
3.013242876449594067e-03
-3.595284502634207065e-03
-1.374718580710987230e-02
2.810174625681894668e-03
6.874438494364645651e-03
2.845759574858213597e-02
-4.880955436182782790e-03
1.578097822912446352e-02
8.031003737833126987e-02
-7.747479532348368336e-03
-2.267251919288437983e-03
-7.791720195849026476e-02
-1.288355851969130370e-02
2.476665777129208931e-03
3.857779198291599876e-02
3.955855466952041578e-03
2.076803390660281363e-03
-5.645166413691470909e-03
-7.275679990442466064e-03
1.358046413368727522e-02
1.456898209693822726e-03
5.269231233659072214e-03
-1.649975006315031537e-02
-2.028070949972791623e-02
4.093966552447165369e-02
6.951219703984600450e-03
4.797741402264319409e-03
-1.462664154541491908e-02
-2.037110835346997093e-02
3.901630709028205274e-02
4.639683745007913349e-03
-9.279657986782725160e-03
2.218847497589974613e-02
1.621301662139043240e-02
-3.277013311374824683e-02
-8.281754210384783058e-03
-2.944571233090363845e-03
-2.238921828882296566e-04
1.078972231045033023e-02
-5.211825802295494588e-03
1.343934175227395715e-02
-8.690333876382167312e-04
-8.529884077169419673e-04
-8.238007382981177849e-05
8.004483935290209113e-05
-1.061549211071307524e-03
9.461597475498007535e-05
-2.760462714699287367e-04
-1.075446755682958567e-03
2.332101184338394861e-02
-1.884977267707193746e-02
9.485109992169636628e-03
-1.249365204755486722e-02
2.058953430568087606e-02
-9.536238638204141277e-03
-1.569897094908530473e-03
1.592864065839390622e-02
-1.445184374473738702e-02
8.576423211103498950e-03
-1.071937227920181403e-02
1.722992119638166314e-02
-8.863523702875011553e-03
1.000056948894963724e-03
-1.829344465892384676e-03
1.103060066431978082e-03
-9.081907230215992060e-04
-2.125945396633404250e-03
-9.448034319411510598e-04
-3.258708808135058138e-04
1.713302871579220569e-03
-4.936688568122643171e-04
4.287137446405677940e-03
-6.741766078228256069e-03
2.140435263499584993e-03
-4.217485648239189741e-03
-6.798663736023943978e-03
-3.970542029204023396e-03
-3.999924978453039915e-04
5.045798342694120253e-03
-3.022990508238369064e-04
1.910836679955420323e-04
-1.557383137036360307e-04
-6.854426957326734864e-04
1.308989077085479045e-03
7.089868680700938796e-04
-1.013819795603867297e-03
-7.495118774248769097e-04
1.351816032364807707e-03
-9.949431543116065476e-04
-2.560438658116622346e-04
6.086287975105431200e-04
1.359108162990115554e-01
3.308662543062316774e-01
1.154092511488753470e+00
1.770537793615632349e+00
2.214848514568298565e+00
6.243527659633302251e-01
-1.637301337639182619e-01
3.232618422390574620e-01
3.746626316752474928e-01
2.637851708125744238e-02
-9.178877953859788030e-04
1.336405112835173424e-03
1.732407328752165942e-03
1.602781761265903080e-04
5.628934438387694136e-04
-1.997156966531815614e-04
-5.119442964887530208e-03
8.069667776685864047e-03
9.728655450358903931e-03
5.933128888551980444e-03
-7.215993589270388968e-03
-1.087862879316257858e-02
-9.707853827321956397e-03
9.240042329349567110e-03
1.737052705738662689e-02
3.795169518608143555e-02
-5.926975333739912394e-02
-7.204439310147012221e-02
4.013695180624555353e-02
4.655930038889528194e-02
-5.156452375937109478e-02
1.706275794815325687e-03
-2.251303668801197221e-03
-7.801704809044430642e-04
-2.060391089799117482e-04
-8.214424607630337657e-04
5.946078874663631927e-03
-7.394508671722678506e-03
5.300160046468350159e-04
-6.091301917616562950e-03
-2.452757371104037978e-03
1.233703447320819158e-02
-8.890019438464454721e-03
-4.788950724557971064e-03
-1.560650569973321723e-02
-1.909701736557779458e-02
3.683164681809154156e-02
-5.596379580445066948e-02
2.030253108689425087e-02
-4.293863190638749078e-02
1.105037160267657338e-02
-2.476726563917438628e-03
-2.766026971047848022e-03
2.143768309091281105e-02
-1.972583281058085461e-02
1.894018194965657251e-02
4.688111591326111355e-03
-1.165858017836556362e-02
1.389919098279470550e-02
-5.067929100040350666e-03
1.016533851529389555e-03
-9.489730354673275164e-03
7.829399341572116852e-03
1.940861217181499496e-02
-1.203118579906558780e-02
2.432905222173875615e-02
-6.720095727784719357e-03
2.234229444855839394e-02
-1.579373786265284713e-02
1.252412563980825552e-02
1.366180315162333903e-02
-1.612770677587230250e-02
2.016292483714499442e-02
1.411245906776497196e-03
6.019225362026150820e-03
-3.363225717841656845e-03
3.429005904464601032e-03
-1.236267101233719250e-05
-4.929434084676442840e-04
-9.801780993024252300e-05
1.821135629421021906e-05
-9.168965281862127012e-04
-1.193880199847925780e-03
7.889396680331881235e-04
8.473354950469491305e-04
1.788617690991597324e-04
-4.183312308393067822e-03
-2.972427038153829522e-04
9.105545399610439836e-03
7.634298967502470691e-05
2.815957809577140144e-03
-5.044789493819794128e-03
1.000855552400435611e-02
-5.592924534609545854e-03
1.423048979066752475e-03
-3.953915335911258023e-04
-1.746082904795724492e-04
6.260059199839236848e-04
-1.557501929448963738e-03
-4.029551468715333071e-04
1.451181261474846992e-04
3.589151594668948909e-04
-7.083223961183069371e-04
9.512672791113256296e-04
-2.242312545856896624e-04
-5.884275311946047778e-04
1.367626806951698082e-01
3.287281277540773372e-01
1.157321709413162036e+00
1.765272546357045558e+00
2.219634713480274080e+00
6.198991844982896238e-01
-1.651498801646303083e-01
3.242089248962511938e-01
3.730422915087172608e-01
-1.495257284660008942e-02
-1.525482151576251593e-04
7.448084823895172624e-05
2.968413565446522545e-04
1.649370364189327125e-04
3.783710928704958122e-04
-2.693759511605848937e-04
-7.639549313123193209e-04
8.131297238533083480e-04
1.513808495581569005e-03
1.500061786828653463e-03
1.614228737882520597e-03
-2.256449326514744710e-03
-4.037485374049068140e-03
-2.078969859692351117e-03
6.321569941270368913e-03
2.707005130566005405e-02
2.413375459610413512e-02
-3.827674832487965723e-02
1.292965880134851024e-02
3.337413847257642702e-02
-1.700562280925182329e-02
-2.210906115968878656e-04
5.070779851923035890e-04
-2.112601533631995880e-04
6.620675084025755882e-05
-4.329766176320912056e-04
5.817610012522347277e-04
1.410426838656777268e-03
3.613649008704214786e-04
-4.663391191407812580e-03
-3.984049677611795591e-03
1.773156232978453277e-03
6.053155387945052986e-03
3.709427511463960869e-04
-1.656951130667561403e-02
-1.559046806042690102e-02
-2.398805066441429563e-03
1.730515169099017259e-02
-1.014168800860628175e-02
-8.531202344595836123e-03
-3.110124544013264519e-02
-5.366696096409610990e-03
7.220578066836990001e-03
8.357524501557649435e-03
-3.467537981943612062e-03
7.324069531890296456e-03
-1.024261312334149090e-02
5.561026169966488963e-03
-1.325120117397734533e-02
3.186423812997335112e-03
-4.316883240997958227e-03
6.107707661024675515e-03
-7.433401493333329987e-03
-1.695208318801809735e-02
1.488110915579634805e-02
-2.846759127865978317e-02
1.101307259311790944e-02
-9.643142589704349968e-03
1.960844763231744947e-02
-1.871605135711960563e-02
-8.096829698656226454e-03
4.497776490850588678e-03
-8.554927178222069412e-03
-1.331016626834681136e-03
-4.285334899646413807e-03
1.889348994446121103e-04
-4.277640557662707984e-04
-7.832110137821158766e-04
-2.002735911804071165e-04
3.594687559258385209e-04
3.243039947255272237e-04
-8.253852286629568549e-05
3.226561812773028970e-04
2.780238681365296955e-04
1.041906208272780961e-03
4.823387699567947351e-04
-2.375755678565404615e-03
4.061840185671460025e-04
-3.807380853985664702e-03
4.230880446867346851e-04
1.932406668735963534e-03
-4.870469073890986746e-03
7.545204820825346728e-03
-8.105974741570714940e-04
5.849278370019649759e-03
1.745246104421750103e-04
7.229865454567932373e-04
2.781748299653023055e-05
5.244030655220089342e-04
-4.113616774731811181e-05
-6.890353097967631723e-04
-3.136737033310371182e-04
1.780464711970518993e-04
-1.324873810915561871e-04
-1.778834590785543910e-05
6.917950423899446762e-04
1.362681019005034522e-01
3.303613793916096997e-01
1.155827124165944575e+00
1.769736509136415226e+00
2.217484012770479129e+00
6.220520402568331386e-01
-1.680093877044439021e-01
3.162803399144464289e-01
4.078192931734611615e-01
4.368523835893394630e-02
1.770980247953207623e-04
1.001782173556956050e-04
-2.591758320707362572e-04
-2.261339790070880627e-05
1.691080378565867968e-04
1.738622500148723812e-04
1.061628628624435716e-03
6.986855616694901024e-04
-1.444746054191248068e-03
-4.955872646423024538e-04
-1.269376381403625490e-03
5.177498768899418090e-04
2.461949380075891067e-03
1.636717770933796175e-03
-3.767015254259107552e-03
3.022865909554665973e-03
1.169221743371432962e-02
-2.772968878635106299e-03
-1.067889629076963429e-02
-1.863778214616484269e-02
1.476307327446131461e-02
2.034601172003981022e-04
3.017258063379540641e-04
4.873876960506618654e-04
-1.827502788612352233e-03
-8.964866184892690722e-04
1.226178126259443732e-03
2.194041160364316751e-03
1.219312216648579729e-04
-7.040298133087853627e-03
-6.741573310800575217e-03
4.464207887112516676e-03
3.739270766167696394e-03
5.681064002759074645e-03
-2.832992482100777157e-02
-1.671551868029827470e-02
-2.627480849006311181e-03
1.840094411039270780e-02
7.194104565898650633e-03
-2.935084468417162654e-02
-2.077664797915736161e-02
4.937200843424168276e-03
-5.438321519921660713e-03
-1.000993175939223412e-03
1.637398066775654429e-03
-1.240700599982889505e-03
6.513532407279844227e-03
-1.052152998426684159e-02
1.224071915583059729e-02
-2.314933086007883462e-03
8.091181532669461732e-03
-7.220183159107641802e-03
4.266486092141725563e-03
2.039997946509467669e-02
-2.067147703263551642e-02
3.272415113725193891e-02
-7.883860936411924911e-03
1.450968091395247322e-02
-1.769250972759468452e-02
1.602075730950615340e-02
4.344682275041646460e-03
-1.123898387959930585e-03
6.262442965993336545e-03
-4.664259352667642945e-03
5.715814766928927967e-03
-8.440854966026253153e-03
7.724271448901020957e-03
-7.939533579503096038e-04
1.522538896707185865e-04
2.471168373426828454e-04
6.203943603131207261e-04
-3.467130491199524214e-04
-1.148898956499831790e-03
1.259587338747306844e-03
5.193158981970091848e-04
1.045969783842309718e-04
-1.214171448704894421e-03
-2.304705506619538196e-03
-1.224090693901180599e-03
-1.011973169540427483e-03
-9.798239016760000326e-04
-1.088608404772068317e-03
2.158570424736296327e-03
2.835011636812899850e-03
3.721860987792662348e-03
-5.214773711604243434e-04
-3.517614444081674607e-04
1.804043668162999667e-04
-7.080034457829313113e-04
-3.844317778564385009e-05
3.095442668697139660e-04
7.873171869199174213e-04
-1.798522554154381335e-03
9.649805963992130493e-04
-8.231246195198599477e-04
-1.478245755277306564e-04
1.359654234268061757e-01
3.304659571656597961e-01
1.154128620871214705e+00
1.769085411489503379e+00
2.214430653590724329e+00
6.234202215486626120e-01
-1.654393578967946754e-01
3.334520314433128130e-01
3.399730437847381936e-01
1.096534264753381421e-01
4.508868254314013502e-04
-7.469041794626543216e-04
-8.451730809173697628e-04
-3.042138252390910475e-04
5.872207968234508142e-04
5.133215466790995180e-04
2.344784365714859369e-03
-3.847181295497074591e-03
-4.473213815865108300e-03
-2.721265356771340824e-03
4.366418213230326140e-03
5.166496628222176993e-03
4.366652953219936524e-03
-8.994028311778633558e-03
-8.550274346927415683e-03
-1.775112776185408872e-02
3.116012910355699800e-02
3.452452923177603411e-02
6.494590393199088478e-03
-1.882210485892120422e-03
-1.254304677051304613e-02
5.334684933177335012e-04
-9.888316822730142553e-04
-2.625694070679262279e-04
2.886206952359017920e-04
1.549413560890847521e-04
2.781730064792885520e-03
-2.691894328888086701e-03
-9.591270640714393914e-04
-2.214458051685875076e-03
-2.937072924465797957e-03
6.583725640237368670e-03
-4.117958486284530560e-03
-1.175505082129247062e-03
-1.246876338047325089e-02
-1.142572025800218070e-02
1.679124360764314497e-02
-1.414726631874093851e-02
-1.074904070618707286e-03
-2.039089720393798960e-02
-1.547791673092599116e-02
-3.321044342300372935e-04
4.151448719902786980e-03
6.188221860197676803e-03
-1.351796403871704903e-02
1.051592721759352219e-03
-6.061838122634963764e-03
1.000323332911153690e-02
-1.317700795893355682e-02
4.131794577368763308e-03
-2.485010172226436841e-03
7.901054435724075981e-03
-6.705372858879950042e-03
-1.789207774023896316e-02
2.044781775885888206e-02
-3.000916264272665557e-02
6.138056148096754719e-03
-1.199040207149801480e-02
1.535904997003502241e-02
-1.372724906276923118e-02
-1.351910265115539508e-02
7.543367504967097258e-03
-1.795697723657264933e-02
5.431034364661010971e-03
-9.593481392201211669e-03
1.019349742757288957e-02
-9.623750030261689348e-03
-1.605745896949326121e-04
-6.293606123991374009e-04
-1.688434728634445907e-03
1.239777949951820668e-04
-1.145928733366208523e-03
-1.122539801093662198e-03
6.449185866531258931e-04
1.973559638626158630e-03
1.149502444811763757e-03
-1.591313300527372101e-03
1.607413688191734963e-03
-3.459228428469764832e-03
1.730547402703923624e-03
2.101299858226513342e-03
-6.636431304493729637e-03
8.144872058701190659e-03
-3.187506807133497298e-03
2.726821599682855389e-03
5.805107891333989361e-04
-8.052340994686316231e-04
-5.455606189753129005e-04
2.059626718828919296e-03
1.277177372308522987e-03
2.851595568515196463e-04
-4.581488103252953268e-04
6.324991328947156483e-04
-1.372766844369930402e-03
-1.224945533171016196e-04
9.047340846770641088e-04
1.365401311162093290e-01
3.295538695081221547e-01
1.156742102397023464e+00
1.767565784289756969e+00
2.218996434277295204e+00
6.203914483815096137e-01
-1.627071885664952977e-01
3.045929258506931969e-01
4.228697889096043050e-01
7.595554718686869933e-02
1.029598069327179391e-04
-2.751350912105917333e-04
-1.783131944306199724e-04
-2.548979380971611725e-04
3.914372792179275466e-04
3.694933138274804764e-04
3.853036353661325165e-04
-1.460063054473244000e-03
-7.902599488014748572e-04
-7.286531240323530778e-04
1.173878662720688384e-03
1.165166162893553495e-03
2.312513256472731055e-03
-6.287631818000356809e-03
-4.401455882857818400e-03
-1.562087292740712077e-02
-1.148868662639269088e-02
2.081116374543959605e-02
-7.539200366540583717e-03
5.699379639466220504e-03
1.608928070017525205e-02
5.178113550652554834e-04
2.282029284558640249e-04
-3.644954519892037678e-04
-1.283779199238387157e-03
-1.756501310147037765e-03
1.559226482496282656e-03
1.057519617168456785e-03
8.567259910402036990e-04
-7.884623791010941102e-03
-5.386469194644526691e-03
6.729615031354196572e-03
3.841335874640929536e-03
-2.520421177336347116e-03
-2.254222637171749907e-02
-2.491175829841676265e-02
-6.738203422503319558e-03
2.094109938313566677e-02
1.547115655468154702e-02
-4.211439653836085428e-02
-1.557036258796839698e-02
-5.126319498672236158e-03
5.084629416853721912e-03
1.010512819335368691e-02
-9.034298840826472318e-03
1.002077313034378803e-02
1.001671114769732591e-02
-5.055395227013470376e-03
1.290615740803488336e-02
-3.528723719505947980e-03
4.544258429193101002e-03
-6.524604367324038194e-03
7.744270745344728792e-03
1.910752023607590125e-02
-2.273756464567312091e-02
3.430564495237833911e-02
-9.992679786415683413e-03
9.802290284735009837e-03
-1.996280729240831539e-02
1.856831405226335927e-02
8.329114873090638291e-03
-8.390583175683993464e-03
1.031596023209036678e-02
3.779304868412511429e-03
2.159682731857706390e-03
1.411218244798929065e-03
-4.470595576993543390e-04
-7.773467944773951614e-04
-5.196951259572763241e-04
1.319817231204304059e-04
6.577914285249587269e-05
-1.455023728462316623e-04
1.043665529328271661e-04
5.965958679353655083e-04
1.371765769138043886e-03
9.380430146400538759e-04
3.656409475388377323e-04
-1.498302740776888799e-03
-2.135641795422085158e-03
-1.262561731454881842e-03
-1.791212936780372817e-03
-4.960942805366053664e-03
4.899595372807298566e-03
5.013846470066668937e-04
3.177404139745049292e-03
-7.067280605916399956e-04
-2.527397507591008091e-04
-2.941709507454632168e-04
-5.632250224283816232e-04
-5.672092238692122814e-04
3.155464334622592949e-04
1.605016158471429897e-04
-4.114169132750306393e-04
2.432131004176467902e-04
-1.963571858868260096e-04
-6.704556136585386201e-04
1.370515222791933718e-01
3.278806562840588246e-01
1.158296317534343256e+00
1.763020141388405460e+00
2.221300028115753111e+00
6.181547893632600710e-01
-1.587097570180097950e-01
3.051127688365219970e-01
4.113045677424064239e-01
9.896534200628007150e-02
-1.165045239396447703e-04
2.625373422687625100e-04
2.537951306190222361e-04
-2.627909385374996125e-04
-1.168714811174193007e-04
3.463574333046543006e-04
-8.540500254729970538e-04
1.345166396989670591e-03
1.658691772654004261e-03
-6.295865326586136271e-04
-1.659554142813886085e-03
6.065488323174506860e-04
1.704988683856820293e-03
-1.364632619032897596e-03
-3.029078880750101909e-03
-1.210636072286998613e-02
-8.499041536505242290e-04
1.909661064531395155e-02
3.582980345892418372e-03
8.563937317105005387e-02
1.151853957436935541e-02
-1.257984882234715156e-04
4.135122430022627289e-04
-3.875786084907701490e-05
-3.196740183004435605e-04
-4.382779325726905034e-04
4.610775532191847131e-04
4.146822853900096234e-04
1.586442516286843763e-03
-4.358344533903928987e-03
-1.333055769555944016e-03
1.476351590452806969e-03
6.911761793394513922e-03
8.126168621725902118e-04
-1.766849398024447626e-02
-1.607962338325913398e-02
1.100440981941929082e-02
-1.204468832044702266e-02
1.477503449490777561e-02
-3.538427331391201525e-02
-2.858475142588199139e-03
6.401866660139278291e-03
-8.122934610865797239e-03
-8.055759447952998489e-03
3.361091654687921142e-03
-8.208863939335555790e-03
-7.141374526754132313e-03
1.031069317131303592e-02
-1.229288459946765999e-02
1.612588528043819042e-03
-7.622258658234998437e-03
6.226765269052940074e-03
-3.893641759312207063e-03
-1.804129192394866160e-02
2.146857303109767079e-02
-2.991602801624645633e-02
6.825716978886595815e-03
-1.523891141981762939e-02
1.669804156711162876e-02
-1.352916680934299759e-02
-1.014217757341457325e-02
7.660865697131588777e-03
-1.275829375381783842e-02
-1.871958786551253012e-04
-1.404850797920580542e-03
1.602607019872220873e-03
-3.836582889549836409e-03
-5.407045139287651372e-04
7.042129234478899729e-05
7.964872609610542178e-05
2.941491766089219910e-04
-1.478269619042841068e-04
-1.472256827060356311e-03
1.680532977227070087e-03
-1.223926256377131077e-04
3.863019322186384105e-04
-2.734994096635868718e-03
1.266110788912454439e-03
1.227104404981668555e-03
3.288236222157607785e-03
-2.319554503310769945e-03
-2.647817698406581925e-03
2.546622954324636364e-03
2.967170198053912990e-03
-1.501294526659611561e-03
4.484005013036102119e-05
-1.315417840609837746e-04
-4.324582278731828734e-04
2.100467291911782249e-04
1.327270424307771450e-04
-6.143900725102492471e-04
-3.953461514374176518e-04
9.386213977650046877e-04
-1.981825070880023198e-04
-9.042380369819764529e-05
-1.532939489931481000e-04
2.718412837223416756e-01
5.260013056895276318e-01
1.745932054927846089e+00
2.879313695298399534e+00
2.312915904749064389e+00
1.669147484302636042e-01
-5.681271666665665271e-02
4.950387394920078288e-01
5.702280963611573439e-01
3.076619127153169472e-02
-1.760125695240943129e-03
-2.496860285966643646e-03
2.647983729005048189e-03
-9.198533175100092468e-03
-8.257213470203379063e-03
1.383205031004547565e-02
-7.848927424605776221e-03
-1.094327374784526304e-02
1.173774438066181591e-02
9.225335152044135401e-03
1.448190835523544343e-02
-1.347474135126354444e-02
3.074610826977515823e-02
2.223285008324459716e-02
-4.753557146757641377e-02
-7.242156112983190105e-03
3.456689187600073959e-02
1.585136692743177589e-02
1.503676587451137359e-02
-5.059811364737493850e-02
-3.283906305292035727e-02
2.680027755974513648e-03
-4.044742427472039145e-03
4.507607082150417825e-03
-7.528151343194898135e-03
3.411776922776373045e-04
9.087264255053127335e-03
-1.186693988393470664e-02
1.579579335266668300e-02
-2.826708541184126330e-02
-1.818210468242810853e-03
9.471520801932921743e-03
-1.187963519536445155e-02
1.698821898110806222e-02
-3.276577341786570535e-02
-4.193633788585798654e-03
-4.741459136283369957e-03
2.095584277260963135e-02
1.462568976196328314e-02
-4.188897008613107209e-02
-2.557734133806524590e-02
6.835029924717062749e-03
-3.876909579985128931e-03
-1.990079122999461117e-02
4.740224040993321931e-03
-2.819879069067100438e-02
1.727416916405593618e-03
-4.233939358308556368e-03
5.428883257500980407e-03
-8.030391386449337162e-04
-1.271325126410517052e-03
-2.005818478458658034e-03
2.126934677546184985e-03
1.566866985784590507e-02
-2.028332006552982861e-02
3.042721803913345235e-02
-5.143579788302809867e-03
-8.730043386612445014e-03
-9.615597123787632955e-03
1.270889529645994470e-02
1.820606642101203765e-02
-1.413999065183795499e-02
2.850040424216313331e-02
-5.201094049152016514e-03
-1.212983547832237850e-03
-9.783255459188618802e-03
1.166085260496821721e-02
-9.621272081894764131e-04
1.138309230962774839e-03
-3.334664307865334559e-03
1.700549818363065015e-03
1.990825701200859090e-04
-7.981584744404041564e-04
8.383303541649276148e-04
9.922707501381865507e-04
1.233655627753471118e-03
-6.327066852060914993e-03
9.262510650046488700e-03
-1.104868508881730847e-02
1.072893094129667713e-02
2.129395652832390649e-03
-1.897455379013768218e-03
4.097946090106253936e-03
3.126593812949702775e-03
3.303072640607091024e-03
-1.156987312860058553e-03
1.466856671178682671e-04
-3.937773610703170857e-04
-1.394616962438953835e-03
-1.339040153056313609e-03
5.635307571412034866e-04
-2.469977616939142070e-04
6.364889975526798324e-04
-3.132515879229372355e-04
9.278182580847588179e-04
-1.431362828360103210e-03
2.717241316733034484e-01
5.255620098214154323e-01
1.745101873334630405e+00
2.877467563479543244e+00
2.312001267168804386e+00
1.691854493286907568e-01
-6.216971061428049061e-02
5.173499140509334460e-01
5.607963462839355984e-01
-8.791194305278832166e-02
1.997988916898253090e-03
1.894818699756374960e-03
-2.917343273382841731e-03
8.621769059390320400e-03
8.932202574840420253e-03
-1.493839796141653228e-02
8.889342239975728255e-03
8.283970130739264776e-03
-1.324412908527415958e-02
-1.121023751017960306e-02
-1.000740800433325313e-02
1.658259043771571212e-02
-2.574818364379940008e-02
-3.080842185129204977e-02
4.436885634850595145e-02
-1.247490098011421649e-03
-1.046271726666522621e-02
-5.715575491454983996e-03
-4.059346918217789091e-02
5.227166157591937867e-02
8.495738127021421060e-02
2.791598818588236861e-03
-4.594237405115116080e-03
4.225644356934125240e-03
-6.336308513000843759e-03
4.931931257926986919e-04
9.147694637256871888e-03
-1.505716944051218274e-02
1.586278479886712306e-02
-2.374697329822140698e-02
1.258823513403304088e-03
8.367226865498572294e-03
-1.033531371098682025e-02
1.641380633130569422e-02
-2.866111493297055293e-02
-4.717831075804036246e-03
7.434261115365812557e-03
-5.400066923816723881e-03
1.221734123885092303e-02
-2.866107909164096121e-02
-1.491824059495208514e-02
2.413074990745501993e-03
8.021358761070327770e-04
-1.755774480579937874e-02
1.018609762644643625e-02
-1.681006475116327697e-02
-1.224973563279745190e-03
5.586268097632261787e-03
-6.074965431490273078e-03
8.053643997883266122e-04
2.360499483289367137e-03
2.156469233956372772e-03
-1.715706931155430541e-03
-1.488117941307907401e-02
1.307324411783013056e-02
-2.624520534845308992e-02
3.651887071803829304e-03
5.497336481707981032e-03
9.405950871733239141e-03
-1.081126836627500920e-02
-2.172627339901231358e-02
1.060449106206606817e-02
-2.551406575087277959e-02
-3.606774537418884659e-03
2.025433333225964277e-03
-1.795555889391742006e-03
-4.887953005468558335e-03
-1.150837954228962380e-03
1.958347760214672502e-03
-2.640769770183583852e-03
2.439451166898196251e-03
1.255838508533649442e-04
-7.170712306325526669e-04
6.772576291384517413e-04
5.282280759305858732e-04
5.710837222071821944e-04
-6.553251498475387224e-03
6.847780261859277677e-03
-9.732432844891582974e-03
8.910505384930933470e-03
5.121773171991441526e-03
-2.370498186790849244e-03
6.886107732620256813e-03
8.177179213430759742e-04
6.705008695940372319e-03
1.332176464314239420e-03
-1.678748522634947616e-04
6.943540006455854730e-04
9.038359816423448528e-04
1.531873731707644780e-03
-7.083239733906042997e-04
4.941240278738984757e-04
-9.255476854350873578e-04
1.024841774004362415e-03
-1.028830463301700715e-03
1.336170713634531916e-03
1.355648353037426090e-01
3.312809129983600998e-01
1.152447925171737220e+00
1.770853549656160153e+00
2.211655120689580922e+00
6.256260213033352224e-01
-1.625116728209994310e-01
3.234727300276392659e-01
3.657456816886873741e-01
1.514448767802986928e-01
-1.396201103746433933e-04
-5.271921461034860838e-04
2.592948801997272605e-04
-3.653092921511744227e-04
1.899791278229015739e-04
5.195950222735680555e-04
-1.074491175915030490e-03
-2.750100700967061853e-03
1.833406356154464309e-03
4.224432257837866262e-04
6.814183218124075792e-03
-8.967661688920206074e-05
2.856041727052921475e-03
-7.158498734532807092e-03
-5.818782163714402919e-03
-2.476280240036483719e-03
2.208450972605900675e-02
6.090086111442436639e-03
-5.145334143717005676e-02
-3.918555174611025940e-03
1.167642027635202445e-01
-2.261148098060079467e-04
6.773964643073959475e-04
7.522653318645185943e-05
2.200378648939058440e-05
-2.146249152328724100e-04
8.498070973765872119e-04
-1.572997617693223200e-03
6.211677854887322691e-04
-7.123826362468270446e-04
-2.769213343152546929e-04
-2.468463786518062218e-03
6.875228262905912907e-03
2.284719522203890966e-03
-9.400067535537244556e-03
-1.577018814520457154e-02
-3.706517780251637924e-03
7.079602637009694069e-03
2.990562890055781242e-02
-3.513402466712322453e-02
-3.810222315481292393e-03
-7.590672299871275945e-03
1.962490239200984782e-02
-3.512900736237870025e-02
5.374374184694903807e-03
-5.076569658518269301e-02
4.823668173637178126e-03
-1.021205587269532339e-02
1.555041832498995497e-02
-4.269879337543836494e-03
2.720718835492003714e-03
-4.788286420749059830e-03
2.652175688308349225e-03
1.583568343603366374e-02
-3.145222000861467443e-02
4.719798683419869356e-02
-8.590794956951579298e-03
3.736531227336311960e-04
-1.259776073408966184e-02
7.435813048756891204e-03
1.796994453349487616e-03
6.138478313517316438e-03
-4.160685655232731692e-03
-5.681783537873152413e-03
1.581756451007090315e-03
-7.419970116068849535e-03
4.111760926666162969e-03
1.077179136664045038e-03
-9.340530121717046264e-04
-2.652296565390724857e-03
1.640846096160596145e-04
-1.562570821151854788e-04
-2.802368660587737249e-03
7.558460540998523242e-04
2.203973788905268065e-03
1.499734636589124693e-03
-1.436980793770445668e-03
3.636224888389854269e-03
-7.277910085570574346e-03
5.774856570330239719e-03
3.404871804804603021e-03
-8.672325719542258934e-03
7.486798209187976207e-03
-6.695855523364233368e-04
5.843485748655443020e-03
-2.266765328192981918e-03
1.828345205375616787e-03
-1.134093287458027514e-03
-3.706565747030097710e-03
-1.779956909934510409e-03
-1.410617288356128766e-03
5.403964672182347577e-04
-1.935613414959490254e-03
2.530162228952997916e-03
-8.715650057949434447e-04
-6.667899813589418247e-05
2.722163451117765032e-01
5.249388520060130903e-01
1.747275045880408717e+00
2.877039510398175182e+00
2.315043413332950717e+00
1.638760605826913574e-01
-5.314682956333163094e-02
4.866291958116065186e-01
5.964830264246584468e-01
2.582713412478251924e-02
1.812231222708257953e-03
6.207644253658992908e-04
-3.951376744670788074e-03
7.509788400802097121e-03
9.642155468924886244e-03
-1.642079416000615313e-02
8.015789869307404433e-03
3.007048635520758861e-03
-1.751887180187004095e-02
-9.246104132511890131e-03
-5.286895124686826625e-03
2.026665274383256110e-02
-2.442619574543137412e-02
-3.213152001318542172e-02
5.307287401919240366e-02
-3.606841461949985487e-04
4.090391349717999170e-02
1.576657797517317782e-03
1.445978444114320513e-02
-6.606163118941721368e-02
-3.537001988966146510e-02
3.540057165107248719e-03
-8.144273454730292100e-03
1.065289447811714439e-03
-1.548943760758009214e-03
-6.872345710449330198e-04
1.196881406031023373e-02
-2.763486489020999110e-02
8.115051398794524392e-04
-5.618804430662593073e-03
-7.093459040898149326e-03
1.367102913514793572e-02
-3.114679873540969132e-02
1.019400697456278825e-04
-6.218715997862685370e-03
-1.016248808629938681e-02
6.770323750079003215e-03
-1.401532458160406440e-02
-7.607237426737053013e-03
-1.619403419979852099e-02
-4.096901928132792164e-02
-1.477441536606514342e-03
4.745675501136721076e-03
3.020114379539389892e-03
-5.469294841603276197e-03
-5.694876851808403084e-03
-1.443749135533229418e-03
2.875211082426171270e-03
-4.452472737973674211e-03
2.451612247283018646e-04
1.281546479926513188e-03
1.222298666969728062e-03
-8.887649011775915382e-04
-1.565047457938548159e-02
1.330843518845941514e-02
-2.808059427372272890e-02
-2.392765548931636080e-03
1.343067917292197454e-02
5.034090385588597255e-03
-5.040017289581618168e-03
-6.300925153175690636e-03
9.839576319856822503e-03
-1.748919628328659756e-02
3.148460344586606272e-03
5.933504184925816882e-03
8.717941030791721488e-03
-5.788145167533366268e-03
-8.227525067298495408e-04
2.121706349632520097e-03
-2.973418997563661258e-03
3.670770984011955101e-03
1.264046268919029846e-03
-2.690639103966118578e-03
1.763042196402935620e-03
-6.484530766776137010e-04
3.393626917456955632e-04
-2.713690421310336709e-04
2.795694915530930625e-03
-8.804877688531815780e-03
7.501566269902406291e-03
1.796118641652417157e-03
-5.357319206486424457e-03
3.074870073692008605e-03
2.143055598060960177e-03
3.373574430372595044e-03
-2.857779923134429753e-04
-9.662267390963699774e-04
-8.004125614127926853e-04
2.624414417198984821e-03
-6.618124899150547172e-04
9.254933337136751802e-04
1.180110245816494386e-03
1.623752255148682301e-04
-7.065263659176480339e-04
6.310416130055954403e-04
-3.783889724353477505e-04
1.383624128779455953e-01
3.252813227927727202e-01
1.163849798316587192e+00
1.757289618991266344e+00
2.229243523799270932e+00
6.096604814598860500e-01
-1.456931691472127255e-01
2.882929463994006736e-01
4.730346079585336927e-01
1.038410694631473341e-01
1.318619562389185230e-04
-5.404506880417326827e-04
-2.480120238651246489e-04
-3.808060489101098211e-04
4.678927278937303961e-04
6.941773484148615553e-04
4.205192665949443118e-04
-2.700642758793855066e-03
-8.073381437821793060e-04
-1.946727213440356411e-03
5.552304771224908682e-03
4.163404259074698216e-03
3.107993364945530693e-03
-5.740232373214608150e-03
-5.781714204794364924e-03
-1.051874028784172669e-04
8.315675299047592048e-03
-3.596495434125118133e-03
-8.645145667992468197e-02
2.649998561200450457e-03
1.946583819968538687e-01
-2.433668255611812258e-04
4.649487877286975594e-04
-2.005472351340226069e-04
-1.794640372248435163e-04
-7.012720362260417692e-04
1.193608937239794103e-03
-2.277705660351818460e-03
-1.098084135311405810e-04
-1.786724214184328427e-03
-3.472084497436131630e-03
4.670063366852621428e-04
-1.355147947610367033e-03
4.592654509296156297e-03
-1.307734848729995639e-02
-1.688918522581019446e-02
1.349128912040187256e-02
-2.287529004413837996e-02
-1.784361162608336104e-02
-8.577314654438939617e-03
-4.273192829652944918e-02
4.162957017626492395e-02
-9.104907216062642361e-02
-9.068076815047640404e-02
5.122604590196013635e-02
-5.964309131599204034e-02
-2.780111787032194824e-06
1.562354110436594721e-03
-2.067373993766800141e-03
1.113077548141253557e-02
-6.721649098749513454e-03
1.138403523311727616e-02
-5.435490795861442140e-03
2.577174691296402285e-03
-3.459248697095064669e-03
4.841688185604421830e-03
3.467499386418460006e-02
-1.927120858369985729e-02
3.734835365002149576e-02
-1.736516623996549324e-02
1.310939499833830429e-02
-7.012610548475013521e-03
1.978622472656145492e-02
1.076018233575964760e-02
-1.493542269186852109e-02
5.617489161123201402e-03
-6.212058202444140564e-04
7.808351015094376971e-04
-1.632111029712224109e-03
1.268262524759833929e-03
-2.336594366070324658e-03
-9.151470162077138260e-04
1.736842917694495425e-04
-7.122160854507527013e-04
7.316491381473610783e-04
4.315625018368180718e-05
-1.285431114485033072e-03
-3.321100333302573482e-03
1.303302690560336624e-02
-8.088168049713772775e-03
1.324020971294523298e-03
-4.813004803211927592e-03
4.084239446433563653e-03
5.307540579211783918e-03
7.897892852437849581e-03
-8.191039252767935057e-04
1.784117303404633551e-04
-8.962958836258498683e-04
5.281135841033074733e-04
-6.317979489365351670e-04
-9.935562602251752154e-04
8.746029176023286875e-05
-8.456284247798857064e-04
1.158697640411745318e-03
-6.680360338742200510e-04
2.207942235178717331e-04
1.349780887684517150e-01
3.331863598802567994e-01
1.150573652385813883e+00
1.776315695210734624e+00
2.209187057725107817e+00
6.300575217798501937e-01
-1.779022168955364525e-01
3.333462588167806495e-01
4.063399651861492878e-01
6.390774094876824907e-02
2.808014720741448681e-04
1.605595521699261574e-06
-6.133416601349882258e-04
-2.260981652068951367e-04
-6.136312453943860252e-04
4.443104023336569568e-04
1.443604979617177115e-03
-4.748579364702178022e-04
-3.169183932650276349e-03
-2.530986779285714777e-03
1.883432072902607550e-03
5.453586781851566846e-03
3.370990743302584337e-03
-2.491010726241773849e-03
-6.548569455357054758e-03
-1.270429534418073686e-02
4.734972712326002142e-02
2.575338360157929107e-02
4.313430244829576793e-02
3.218713089373503172e-03
-9.769393741475601578e-02
-4.459331848825008300e-04
1.131444739895679777e-03
2.977082147122040606e-04
-1.668731088615021257e-03
-2.671316496917313689e-03
7.157280250419833546e-04
-1.328008726988069016e-03
6.040700743925153226e-04
-5.352367062394700753e-03
-8.833076944724863044e-03
-3.337310880536735122e-03
8.249971123886432403e-03
7.632815335016307490e-03
-2.371549187346035092e-02
-3.049378748453339047e-02
-1.642670407262483874e-03
8.601316262422911002e-03
-2.454353735437762862e-02
-2.021382041872232197e-03
-4.717384899652284774e-02
-1.551450775005367051e-02
3.568522678850404029e-02
-6.924265882652097005e-03
-3.349709750450539578e-03
-1.897538802589071594e-02
-6.288049007320690477e-03
2.314253743909359517e-03
-7.347056372725929360e-03
-1.231069000900506319e-02
5.377778916738270958e-03
-1.414980745649448667e-02
6.954168510201182672e-03
-1.807103288404596220e-02
6.465242687874283092e-03
-2.063402896755996835e-02
-2.848526534548393233e-02
1.037738555413423441e-02
-3.166769823315936094e-02
1.630739490299620148e-02
-1.876519807956255931e-04
-3.402539239290138916e-03
4.408125002393195602e-03
-3.976735191029034076e-03
2.065599040252759019e-04
-6.107289424335634459e-03
2.816555306293734399e-03
8.813128068407367812e-04
-9.593048634681110472e-04
-1.418955193277061846e-03
-1.159015880839462596e-04
1.157250411302996809e-04
-9.930933104262372468e-04
6.327154222157964532e-04
1.754740921644575621e-03
2.141204658671728121e-03
-4.040107415197894216e-04
-1.081262115956517408e-04
-4.124456586226393903e-04
8.148595932739493078e-06
3.580387682126001062e-03
4.492847929552701205e-04
4.490605626928307822e-03
-9.673422253466250906e-04
5.269464839524709045e-03
1.501272427531482765e-03
2.784350189064860770e-04
3.030580002435650806e-04
1.144094454816857584e-03
-1.726673617132446213e-05
7.770313168375109474e-04
1.071917722129907659e-03
8.698795230544089730e-04
4.976990555259451629e-04
1.476846967757159974e-03
-1.089525336422407986e-03
2.738637848127171703e-01
5.191508475299466685e-01
1.752758067314293289e+00
2.863130189411243531e+00
2.326269015062381040e+00
1.489082790578599713e-01
-3.004665985325643066e-02
4.317949022422546967e-01
7.216853365798688857e-01
-1.488251424644966223e-02
-8.299578913418349585e-04
-2.499159740943301435e-03
1.784089089051588356e-03
-4.638400801030236921e-03
-1.482411435321330170e-02
1.033354271774438761e-02
-3.711448562052609753e-03
-1.123323600995654661e-02
7.989504398894226381e-03
4.814471331861003810e-03
1.398433375015182070e-02
-1.022503671290733371e-02
1.542185957612693913e-02
5.127507386131361505e-02
-3.465937110666530291e-02
-1.254528078203506758e-02
-4.389995463594295599e-02
2.831111395583112839e-02
3.854522108165456262e-02
2.038276438185030685e-03
-8.773999693585853021e-02
3.072180633830560829e-03
-6.794993895911789240e-03
-4.913616451981470254e-04
-2.424776331898453614e-03
-4.980952804651249573e-03
8.681382140118092117e-03
-1.900680700986882507e-02
7.596935797702950651e-05
-9.196098197353029524e-03
-1.634933805162088957e-02
1.030042491278537579e-02
-2.247544586047337672e-02
1.147078079683463980e-03
-1.474512278497989472e-02
-2.357969894130249391e-02
-8.854788318154924870e-03
2.293616690979219386e-02
2.043403362091484807e-02
-3.899382155065070354e-02
-3.893491327137747066e-02
-8.685450114536637928e-03
2.030980327888750464e-02
-5.743258005649081246e-03
4.529699308961812609e-03
-3.187923747042875535e-03
2.091443321043505270e-03
-1.745989238781874247e-04
1.757770331439100419e-03
2.849959503271478310e-03
-2.167315049506674755e-03
2.861726422471160686e-03
-1.243444046758643631e-03
1.509616792429960101e-02
9.840232165376659387e-04
1.002102916124491226e-02
2.497568221863311760e-02
-1.977923022204115117e-02
2.249496213024897162e-02
-9.345367878791780922e-03
4.721657571117514156e-03
3.061629302319152524e-03
-5.899982691585758509e-04
1.360976027623418336e-02
-4.628818475451365599e-03
1.591210985358055066e-02
-8.003735049593767997e-03
6.703339956163049560e-04
-1.298522909959133956e-03
7.419032956991148536e-04
-1.712913567134664470e-03
1.640685529774010484e-03
-1.393230502680658242e-03
2.211498152309499324e-03
-8.922294128740724129e-04
1.283993654850349494e-03
3.230898812619861435e-03
-5.046215496175324514e-03
-1.596568042449108659e-04
-4.846509916677819302e-03
1.843698183890316554e-03
-3.888259164820474355e-03
2.727699435002155920e-03
5.872134586190319149e-04
2.931221022550907235e-03
2.696238272607760257e-04
2.732749776990289954e-04
1.583388383353466456e-04
-1.953329053476926406e-04
8.284364297032935582e-05
-1.533469828186242870e-04
6.545472063635534221e-04
-7.617303109357538831e-04
2.486843788138875318e-04
-2.602673166062412853e-04
1.853065425235850749e-04
1.344959716877703881e-01
3.342744099669706648e-01
1.148647395161904727e+00
1.778904959491300897e+00
2.206048769946163723e+00
6.333822288783713672e-01
-1.827477827170290725e-01
3.556136840591903048e-01
3.517103395268020294e-01
-5.057172556435966283e-03
-2.777580489328290540e-04
-1.028081967696156123e-06
6.001292751528726271e-04
1.704930298264901230e-04
-2.287735887643474833e-04
-3.600769490369483926e-04
-1.502452348442082086e-03
-1.470259099408918778e-04
3.268501203401814968e-03
2.925735747413155726e-03
2.817796422244198172e-04
-6.397490771160763319e-03
-5.100877246237165395e-03
8.304853553441937956e-04
1.127737980021197538e-02
2.426010705135259529e-02
-2.033688389243293922e-03
-5.423834255823085926e-02
1.051796860101023544e-02
7.302412633238949437e-03
-2.343131196504345468e-02
-1.212398727977188868e-04
3.184598291713178642e-04
1.601095742370998304e-03
-1.841712080139473956e-03
-6.382410231700667803e-04
1.222717269580771995e-04
1.932695299205116284e-05
4.364224584875397994e-03
-6.352395186532433860e-03
-4.044616245899485679e-03
-6.326251348535546961e-04
2.911714376151443035e-03
1.141827733515972734e-02
-2.195472501285830255e-02
-2.062305474038420017e-02
5.530258157158023710e-04
-3.194933744612464630e-03
7.679815970638605160e-02
-4.759516154969244822e-02
4.541600378772180785e-02
-1.672941966392670803e-03
3.530547914787521540e-03
1.079435904570771529e-02
-6.481913261479852265e-03
6.727265935398045980e-03
-1.849441094317739011e-03
1.541590764014853353e-03
-2.668984003663268587e-03
-1.449205421474838475e-02
1.005705051968792951e-02
-1.413325684991743013e-02
6.445811140372137600e-03
-5.337029815756964661e-03
4.623771404712326630e-03
-8.544961991243943053e-03
-3.027161280135219623e-02
2.553055458896817675e-02
-2.678496105882223130e-02
1.104920895823128732e-02
-6.789833981801966876e-04
3.351851306834263168e-04
-5.802333895976063321e-04
-1.255994644292304958e-02
8.456578038442677178e-03
-1.209139281065641294e-02
5.453905757773988734e-03
3.489749854141775128e-05
-6.079527039252815112e-06
-4.365767882184157104e-04
3.571392405542068950e-04
-7.207895072097532559e-04
-2.900056243286587305e-03
-3.723564108493765032e-04
1.825933261328936208e-03
9.487352119754710058e-05
4.477068351605218745e-04
-1.068091349228473576e-03
2.057161595742689614e-03
-1.988475455813313274e-03
-1.581816548823572087e-03
-7.807904091575816434e-03
-1.365434790068858215e-03
1.783177790402940954e-03
-3.831683156239959129e-03
7.104354780686267159e-04
-4.734669783043458685e-04
5.146473456217937927e-04
3.038029869040142833e-04
6.789989465266158680e-04
-8.148691260696362508e-04
3.347209305478519945e-03
-1.987482960718768479e-03
3.126338239208365562e-03
5.263016289150422924e-04
-1.060923424892365290e-03
2.739673582383056472e-01
5.186435545470879926e-01
1.752986722678868459e+00
2.861838461620147989e+00
2.326538861389058077e+00
1.490736851979829192e-01
-3.222507654206337863e-02
4.490141014920457918e-01
6.932064319495228055e-01
-1.693109862497851545e-02
-9.883962258863886966e-04
2.912634955439002971e-03
2.388521967619131308e-03
-3.442986879349442531e-03
1.534436065282239817e-02
8.403685937956180754e-03
-4.356521857994902040e-03
1.300361692040579061e-02
1.052049431115047347e-02
5.754842317608088731e-03
-1.790436449763620902e-02
-1.395774251647760589e-02
8.950845061578623085e-03
-4.852731839823992005e-02
-2.213002829843935607e-02
4.355796217856223833e-03
3.525659277904250738e-02
-8.624214438913778424e-03
4.771876230785725842e-02
-1.022464445433219488e-02
-1.097757275015900646e-01
-2.298338220388477897e-03
5.681921740924628442e-03
-2.388922497273819265e-03
-8.534871608140142275e-04
-5.960987841401218720e-03
-6.429419529380965732e-03
1.615154705879074878e-02
-5.202337408684835560e-03
-5.053598656787962849e-03
-1.896311432984066833e-02
-7.807263120759037368e-03
1.993416394734125185e-02
-5.557332984075099951e-03
-9.223277960316028298e-03
-2.763506466161689754e-02
1.570868831645938143e-02
-3.304020796125277382e-02
1.311164962154051303e-02
-3.075644195114927634e-02
-3.287802778283003408e-02
8.014315568104023180e-03
-1.926027673091704889e-02
-9.285433892002949857e-03
1.059297945985475387e-02
4.342604430472723348e-03
-3.825642787976809645e-04
-6.266979856364067545e-04
3.280649727928041368e-04
3.226665240431734506e-03
-3.226000685650187369e-03
2.494856201689495123e-03
-9.707622729562910471e-04
-8.080579827960702663e-03
-7.250364076919716717e-03
1.407111440138284278e-03
2.359149179800961241e-02
-1.768118242818945279e-02
2.186743732229641177e-02
-1.021866823242867373e-02
1.275444816256629706e-03
-9.129443153127476951e-03
1.073915887234392838e-02
9.083648925113096961e-03
1.426901204473884606e-03
1.321438667340465133e-02
-7.528411784620895643e-03
-9.861538626185783769e-04
1.892510470465224963e-03
-1.466737388976375707e-03
2.655394657792868075e-03
8.881293490866242792e-04
-8.371093704264404413e-04
1.030553515292670754e-03
-7.001856306004346957e-04
3.124514312292470884e-05
-2.791079548052226127e-03
3.939801516018900940e-03
4.747550136024786174e-04
3.919834853250710183e-03
-2.090536428744793184e-03
-2.569251175460551730e-03
-1.762590264442762903e-03
4.070582350604084500e-03
4.878123449002077974e-04
-6.633765645471918987e-04
2.733454358705472080e-04
-9.947203605276764421e-04
6.966244206233327850e-04
-1.098365952497890041e-03
1.581286858246703305e-04
5.876522699776885652e-04
-6.838889370373269177e-05
1.054054349785663611e-04
2.716682910322571333e-04
-2.865790076713292515e-04
1.358736332809969416e-01
3.305863564339561744e-01
1.153617494138045485e+00
1.769391427126986382e+00
2.213293379891485113e+00
6.248808969386192569e-01
-1.648508521124094905e-01
3.263310279755742283e-01
4.042361632577687325e-01
2.390824047044011191e-01
-3.058161453782825331e-04
-1.133343632200601962e-03
6.330133835168465142e-04
3.028922109025789021e-04
-1.919722936441924229e-03
-6.718178669621948599e-04
-1.479083476928172262e-03
-7.845616240329937943e-03
3.021867588242472223e-03
2.447059533547547416e-03
5.423935960460514460e-03
-5.114842906595819770e-03
-5.468537851061302905e-03
-9.866713446125600863e-05
1.180313715648698310e-02
1.837720988042840925e-02
4.665600574377458398e-02
-3.958219720223421501e-02
5.357491886177168094e-02
9.717602431949254327e-02
-1.166526298003365547e-01
-7.699529306298543915e-04
1.864982983453064048e-03
7.888335097128617223e-04
-8.067959835575311180e-04
-2.017274788392683547e-04
-1.977209794391632507e-03
4.659445600759922618e-03
1.826772560013608564e-04
-1.341246183418405395e-03
-2.410008729180358397e-03
-5.226386198798700124e-03
1.297971780766265029e-02
1.426013935927646949e-02
-1.933110830496966026e-02
-1.175082482467388646e-02
1.588117920993547486e-03
-7.871290612884852649e-04
2.832217758942091185e-03
-1.396436729322961430e-02
-2.215086225040689347e-02
2.390152045196084624e-02
-5.063889617224152234e-02
-4.279082725152474898e-02
1.045120070082578012e-02
-5.396048640866910745e-02
-1.521584398539283694e-03
3.517846239135583551e-03
-4.810669851288662015e-03
-1.280889476067400765e-02
6.522403926407724373e-03
-1.366317337908538355e-02
6.685619643090173411e-03
-9.325795170428693298e-03
4.633750430884838942e-03
-1.136459637530072043e-02
-2.993416020170031402e-02
2.109103656591755638e-02
-2.872676578173888329e-02
1.220862068196774605e-02
-1.252924218675095965e-02
1.094746095202026558e-02
-2.387838763497242278e-02
1.800839684577363806e-02
-8.532016448075772572e-03
2.032673922032773167e-02
-1.094580381231712550e-02
-3.083461446807617069e-04
3.833849188186706303e-05
1.203214965790511126e-03
-4.863174052698271909e-04
-1.538908338676407304e-03
-1.964437486889003374e-03
-1.392751779906976038e-03
2.518822769374531954e-03
5.871096876097692052e-05
3.745215864480515256e-04
-2.877934948724950991e-03
3.339051644307715252e-03
-5.186482109600226535e-03
1.202100368813784070e-02
-7.710258205785081899e-03
1.566359203517007220e-02
-7.131106666186995229e-03
9.098641803556128949e-03
7.574197149325824887e-04
-1.712919878733602623e-03
1.259620578783660245e-03
2.133652666011175668e-04
1.725302769642592451e-03
-2.343908878526816306e-04
3.664654767159124683e-03
-1.781146148407510401e-03
2.291863694763935505e-03
7.616930078584141419e-04
-9.670592606111064107e-04
2.748141888352585993e-01
5.108250516730212798e-01
1.753438879464202627e+00
2.838190854316039680e+00
2.334568149509922197e+00
1.402959858393948989e-01
-8.312046876544390258e-04
4.231453091154445678e-01
7.412232013025390476e-01
-7.646342983792345747e-03
-3.947989860547191287e-04
-2.847326511734953308e-04
9.457166250419859251e-04
-4.178009472012656823e-05
3.760520310343178942e-04
2.743974245150723550e-04
-1.844272330241065062e-03
-1.189950423086882534e-03
4.405441254955073070e-03
2.254378015509068880e-03
1.127982010981366670e-03
-5.366866322383366181e-03
-2.624774161678186321e-03
-3.108255832204141408e-03
5.346390121031768285e-03
1.902561519211512855e-02
3.108827088097405184e-02
-4.254214079292774342e-02
4.494244382499127527e-03
-1.723735389158440601e-01
-1.585370394856096959e-02
-1.199263260432478914e-04
-8.532737250277537501e-05
-1.585636214930509448e-03
4.155347876945768813e-03
5.128330970535815297e-03
1.924856030254863031e-03
-5.302045230561114493e-03
-9.845460424050250098e-03
1.693303411593176724e-02
1.494395433860263959e-02
-1.113578932036336832e-03
1.414981185795769879e-03
-4.308383549865793354e-03
1.155478842832296203e-02
1.460039133235192972e-02
1.158512981237329147e-02
-2.377896071501407402e-02
-2.017013020496501163e-02
-6.774346738257178147e-03
-4.667052269621466826e-02
-4.443029974657122620e-03
7.191029181696690503e-03
-1.134942120393403649e-02
2.073779285981701762e-02
1.711177581995653937e-02
5.674491775925165522e-03
-4.076336930120387676e-03
9.082743883744850630e-03
3.277557641384949011e-03
-2.197067431323922355e-03
3.000466598236710414e-03
-1.205623906030845469e-03
1.717016998988311546e-02
-2.385881519081366545e-02
4.080205675346756933e-02
1.411587363140743949e-02
-7.571510573909844173e-03
1.425984489208013788e-02
-6.654703051929537587e-03
3.857310651025036563e-02
-2.251606604127828759e-02
5.613733526203583402e-02
1.104737503476371265e-02
-8.788666028141609368e-03
9.014794287333278283e-03
-2.295490836685574413e-03
1.688694721007882979e-04
-1.265376676092929060e-04
-1.185747563354632274e-03
6.145562719119609810e-04
-6.764582777439262810e-04
-1.235904174774687470e-03
-3.340501042374740821e-04
2.249187788425526836e-03
1.487666387195397391e-03
-1.783842369701760635e-03
3.372622864754420014e-03
-3.267551770743869384e-03
5.360558757051787221e-03
-1.406127330572159127e-03
-7.172518662938671746e-04
-3.142533796038112360e-04
4.557779846873226577e-03
4.302397885751950424e-03
-1.552749076755652801e-03
2.615247249811703239e-04
-3.712813492243225268e-04
-2.133078914279690642e-03
-2.302327317864803985e-04
-1.267300752917279371e-03
-7.248913610740377166e-04
-7.426946403792675320e-04
1.052960960101627244e-03
-9.213745114280186190e-04
2.969327970455146811e-04
1.357296203983270888e-01
3.302113351210670400e-01
1.152419936176160009e+00
1.767559804193915118e+00
2.211685608374376777e+00
6.258781995433840839e-01
-1.622559628291467271e-01
3.370515594868306319e-01
3.501715143633260530e-01
3.545307189632377481e-02
8.222997776488533746e-04
1.472214215305968918e-03
-1.842399947699743757e-03
5.365461469328984068e-04
1.151387650440250082e-03
-1.145200475129706493e-03
5.127971764670499928e-03
9.263984026883428924e-03
-1.143842319412353807e-02
-4.637834167970487746e-03
-7.489566471728199490e-03
1.044437905291474913e-02
4.031221924914018401e-03
9.230809459863377822e-03
-9.104841885363758672e-03
-2.770802773308496392e-02
-1.059201163159687042e-01
6.036630335049727319e-02
-3.357574527372876594e-02
-1.553122388892462236e-01
7.185499068470223294e-02
6.759526989319273715e-04
-1.647344304387338273e-03
-7.539927051941719242e-04
1.949834605495434289e-03
2.296042022566013602e-03
3.737923140452644073e-03
-8.690484778575972846e-03
-2.255749420823199240e-03
4.344349292803758623e-03
4.146860888787221380e-03
2.753299144190503572e-03
-6.050001109175503870e-03
1.319551156532766971e-03
-2.613837380272524338e-03
-2.290893319087711991e-03
4.064908141623568838e-02
-9.015912339712155166e-02
-1.792302247861903702e-02
2.829380153684599706e-04
-2.770823039129553106e-02
1.718863596576333461e-02
-3.929669626083534539e-02
1.026379424543922766e-02
-4.099199024655173287e-03
1.195157940939946435e-02
-9.822640926265608155e-03
7.003388808133849917e-03
-1.562351156303731781e-02
-6.258267109940644779e-03
7.065997505803690674e-03
-4.326831465968890809e-03
1.197200617529048123e-03
-1.104816529731539147e-02
1.694635127824220544e-02
-2.720143212522241338e-02
-1.371584884540622343e-02
6.635896415742927349e-04
-1.823697549718353642e-02
9.904003463561716555e-03
1.131984302102986319e-02
-5.827224534853899657e-03
1.600263235257523217e-02
-6.614089484430383907e-03
-2.307876040915129295e-03
-1.112551558461596923e-02
6.932426616867840875e-03
4.290303206468862166e-04
-4.015861395143359024e-04
-1.358956808067970749e-03
2.906350484085211405e-04
6.087677612247993078e-04
-3.967114853262993890e-04
1.175914280815504439e-03
8.565236518567610454e-04
2.305136383390823159e-03
-9.376081210742180302e-03
1.367985373008405621e-02
-1.385901784475070120e-03
1.478436610517441969e-02
-4.523898683247832599e-03
5.370047368350302705e-03
-4.278452345756186999e-03
8.184859266626706015e-03
5.122638588839820324e-03
2.776479291726099106e-03
-6.870235751750872850e-04
1.947774352022411644e-03
1.094657507243460091e-03
1.955860048778845350e-03
1.287346544152178805e-03
2.041361425105315587e-04
1.308293831072342324e-03
-6.949728128614340601e-04
1.191694831171189687e-03
-5.862353514649999535e-04
1.374888479770022820e-01
3.267454338259793145e-01
1.159881527940504364e+00
1.760219820058884332e+00
2.223676582157803949e+00
6.161124020068432516e-01
-1.568505190596330978e-01
3.134196291804857148e-01
3.733993826796889737e-01
-5.613095709013928708e-02
1.270450774301813538e-04
-7.065715772103803717e-05
-2.832833491760967329e-04
-2.149065072885625620e-04
1.074977816895398945e-03
5.120285467782231597e-04
5.107340244412455696e-04
4.282307349490294080e-04
-1.115320010448773731e-03
-2.456641884805945385e-03
-7.776219365008326528e-04
5.508804371169999207e-03
3.782796046470061034e-03
7.010056210647519145e-04
-8.535383492249914994e-03
-2.960347290431673481e-02
-2.203741549455004445e-02
6.620535222946286047e-02
-1.420105156949240388e-02
-6.260244500835278336e-02
3.083544488003430936e-02
-3.135782456294102156e-04
6.736010195388800800e-04
1.597542776347841834e-04
1.525066553279644536e-04
5.107119436414157224e-04
-1.836962892881014873e-04
4.812288447600148638e-04
1.766137273755610717e-03
-2.608777672778229018e-03
-1.718272083112671114e-03
-1.266370432344893346e-03
3.389146924701439117e-03
1.131337818120609420e-02
-1.527813854463245559e-02
-8.360919055030981151e-03
-1.268980439591161150e-02
2.978638961466627266e-02
1.726950628298264427e-03
-1.137951092542637509e-02
-1.875163900162706010e-02
-4.938815128920440341e-03
1.182756524815778594e-02
-1.417988612955649666e-02
7.915081197038029148e-03
-1.034768918664812597e-02
3.868585310544056955e-03
-2.643753699944094860e-03
5.803214920660440361e-03
1.115089066836920731e-02
-1.008572751755616378e-02
9.537161315611133311e-03
-3.838314889941360410e-03
3.850759787560149514e-03
5.518101306911906562e-03
-4.181379978798948835e-03
3.218083584315070689e-02
-2.541186945606744088e-02
3.015935899239998233e-02
-1.318161989400480280e-02
4.397444208104069920e-03
9.074885188462135203e-04
1.837047733947749220e-03
1.118081773022473226e-02
-3.956413012138869541e-03
1.308646777231130438e-02
-6.602692885013273019e-03
6.857018336557072239e-04
-8.262345117572265658e-04
-5.778203859878637896e-04
-5.101206775785647367e-04
-7.539751369286072777e-04
-5.012826125625007533e-04
-8.765288889296212176e-04
6.746252242238354483e-04
-6.063410779414271168e-04
1.084461567181079335e-03
-5.333826398359244741e-04
-4.652062398218631892e-03
2.152302016961810463e-03
-3.688620224414167897e-03
-4.255240710447895369e-03
-3.142413384997082108e-03
6.498875553326311297e-03
9.550884863597905363e-04
-4.632503163485109294e-04
4.111106637593265679e-05
-7.236159331526138177e-04
8.350513691240538713e-04
-7.279370984008589739e-04
9.946432603458246486e-05
-1.113193181874247385e-03
7.591936940937717366e-04
-5.027059927371791293e-04
-1.502569015409075497e-05
8.365693346881002113e-05
1.369782704415454522e-01
3.281975970059707870e-01
1.158124994764171856e+00
1.764017039148892962e+00
2.220998170961982598e+00
6.188500385898840772e-01
-1.612480509975904586e-01
3.094173064536339668e-01
3.953373293114993414e-01
3.019439464554727476e-02
3.033076650974220304e-05
4.397763909220850798e-04
-5.500863437894250334e-05
-2.548514139201427933e-04
-1.736041527400824852e-03
5.234734707708688962e-04
-8.239222859560156110e-05
1.098544000205536018e-03
2.201070240982070303e-04
-1.590681897269717766e-03
-6.548590723278222003e-03
3.419062324501965719e-03
2.389682531121530180e-03
1.330022011960027388e-02
-5.026125020629931134e-03
-6.336694913695817277e-03
-4.902300356310064500e-02
1.302897428561634353e-02
1.528704764201429395e-02
-2.686565378648776009e-02
-3.519746597852317638e-02
1.379211491614930221e-04
-2.910891144284407533e-04
-6.590109236898594573e-05
-2.109774915696724417e-04
-4.872106623574782918e-04
2.143817295835620822e-04
-3.059891820229569833e-04
1.752220235322968439e-03
-3.194340492079920588e-03
-2.748946870700944879e-03
4.183851746201170015e-03
-8.271367255899811713e-03
2.233750231470770127e-03
-1.379196035845297111e-02
-2.093605517531813009e-02
-7.734168518206217119e-03
1.859592759539028042e-02
1.371829647343508242e-02
-2.118407512450731431e-02
-1.541612334870113427e-02
-4.029732588984701568e-03
8.634512704536828620e-03
1.408981958649384997e-02
-6.947240382986334846e-03
1.137050278787229106e-02
5.543801971329495246e-03
-1.701141892459857082e-03
6.706379366961925416e-03
-9.578104130604864208e-03
2.354653055510004967e-03
-1.208444651309243181e-02
6.626850050400891028e-03
1.302669197311347171e-02
-3.598656849344785032e-03
1.566308362068907778e-02
-3.238715562656706987e-02
1.216877253371639704e-02
-3.825553229381599418e-02
2.019986326647112140e-02
4.728713053866664441e-03
-2.301935005354487432e-03
6.894034270097898313e-03
-1.457888043557136956e-02
8.778124216041580455e-03
-1.532704925676045202e-02
7.526235644493468185e-03
4.502337861817769303e-04
-9.816825049877098489e-04
6.835182966257230455e-04
-1.347870206160379277e-03
3.877523742036173625e-04
4.723645878250583427e-04
6.728709303233139372e-04
2.740198464143060145e-04
1.483565281630434092e-03
1.169641300682577921e-03
-2.529831644693183567e-03
1.123662485874729004e-03
-3.036925206156911201e-03
7.982663241254463757e-04
-3.199726630208112651e-03
2.368917820436829049e-03
2.811687445691036808e-03
4.686485928912971499e-03
-7.293336558223665516e-04
-5.862914544766487665e-04
1.385188777124168977e-04
-8.665685226424517384e-04
4.250195030579730494e-04
-3.862429025538790389e-04
5.799214707368640325e-05
-4.917423369026206785e-05
1.005281418741704735e-03
1.279280100543561368e-04
-4.379569599802360705e-04
1.371230933198638036e-01
3.277698739011780660e-01
1.158597843087622259e+00
1.762816348875571482e+00
2.221795426160011466e+00
6.175171013212785720e-01
-1.522703773824255202e-01
2.984518759382210340e-01
4.251484270394838005e-01
5.048418913978026251e-02
1.812841871757009447e-04
1.871556561779284247e-03
-3.553644535195040095e-04
6.308594773116473452e-04
1.487107115405857062e-03
-1.393293602330605190e-03
1.579749099801942402e-03
1.193542305884979712e-02
-3.235917803225556427e-03
2.488695035235499817e-04
-1.136480209067073505e-02
-8.901120783832300060e-04
-1.438085906940301693e-03
9.981132000044433406e-03
3.527643122948337720e-03
-1.736589060657081759e-03
-7.652510836888364032e-02
1.855883506383259555e-03
-1.843820807291927238e-03
1.459103459203984349e-02
4.428457358251975187e-03
-4.138914146141904724e-04
8.011132658958620761e-04
1.366884016864404472e-03
1.195491785463071642e-04
2.574096813298368865e-03
-9.277392606583076710e-04
1.635566238701237785e-03
8.553100018691360204e-03
-2.788306323702794548e-03
9.672580081542241776e-03
-2.167300345590785198e-03
5.004186021709120490e-03
1.476426091186974765e-02
-1.326395632744203391e-02
1.323011870732188414e-03
-2.367093526669104483e-02
5.269733285854595606e-02
6.840243924716910007e-02
-4.959456944525082039e-02
2.648940529256571530e-02
-5.786466126912882639e-03
1.294997412128997410e-02
7.384297932870628571e-03
-5.761035108201482784e-03
1.894906049845870508e-03
-9.348788200293094847e-03
7.699573901033587506e-03
-1.641836762991281257e-02
3.380462903942582122e-03
2.368162329278420981e-03
6.426959845703367896e-03
-4.186974470696646147e-03
-5.578253813477830267e-03
2.247022998250039483e-02
-3.080136200844735966e-02
1.346704540705694064e-02
-5.517938079471560418e-03
1.627906398113561012e-02
-8.307213924221823129e-03
-4.381972323461271260e-03
3.905078298590116369e-03
-7.850991465240143158e-03
1.461848576527194224e-03
-2.690010187983453947e-03
5.691167911816674262e-04
-1.040397287903241280e-05
1.314748668818488788e-03
-1.599650473953682277e-03
-1.737894581996515895e-03
-7.357878655817951582e-04
4.948547290467244413e-04
-3.385085929852478786e-04
9.385905378626237944e-04
6.029390510466774459e-04
1.908511901292703986e-03
1.864315052424509898e-03
-6.957999066097648923e-04
-7.092895188896244235e-03
2.952468872085726743e-03
4.287118680575571078e-03
-1.312878246808868617e-02
6.346553026131615538e-03
-1.445453467754055513e-03
3.523722193264681676e-04
1.764516429961067662e-03
-1.515127963296813854e-03
2.194065423511261468e-03
1.368756938837787838e-04
2.499832525690619950e-03
1.512441642287642779e-03
-4.500195854350958163e-04
1.462128356830512442e-03
-1.915028851478867708e-03
7.397682550621038390e-04
4.016774099409652643e-06
3.255924726259061819e-01
6.646931285072076312e-01
2.252488253002344010e+00
3.707675588855485760e+00
2.709897042789053856e+00
-2.946718842331496127e-02
1.382156261837602096e-01
7.362487502360273162e-01
8.441959210906591071e-01
1.338170462747441392e-01
-1.824235060488042966e-03
-2.071315645529142081e-03
4.061551065992556955e-03
-9.289610002874581010e-03
-1.182589015619201975e-02
2.067162340684989413e-02
-4.953110761469185601e-03
-5.367406576537341219e-03
1.103204386653369208e-02
1.119760553413193249e-02
1.297825865127274700e-02
-2.494035708853118913e-02
2.992730639790814121e-02
3.813067629749682108e-02
-6.655294560298209705e-02
-3.295478089388028525e-02
-3.943468083713271011e-02
7.339235265742270753e-02
5.123668778874247709e-03
-3.219070656927440488e-03
-1.204114264474904876e-02
4.067765913800189259e-03
-9.612090007521069054e-03
1.546196576007244188e-03
2.450755496330601826e-03
7.377248143274737872e-03
1.165301818142002940e-02
-2.760127047451290186e-02
4.295360121824310859e-03
7.915202523100512214e-03
2.258601165840672456e-02
1.031541966586854361e-02
-2.432188727752273780e-02
3.359561758863903198e-03
6.360557573463055878e-03
1.796712533059122846e-02
-5.087209260242643930e-03
1.355360610430634064e-02
5.536264173159674042e-03
-2.374814586465670910e-02
-3.380146300606971799e-02
-4.160461466584302291e-03
9.010958673055442444e-03
-3.324330628668591050e-03
2.580572173209035383e-03
-1.189969361699619614e-03
-3.343288536537066978e-04
-1.045267898360587424e-03
8.866071203167880848e-04
-2.436078271243793440e-05
1.345729068626071992e-03
7.172974319332401380e-04
-6.113911351042549064e-04
2.025511822220595060e-02
-1.172663735274926539e-02
2.960133909931829746e-02
1.681505580390900510e-03
-1.245783529425142228e-02
-5.442169993768719398e-03
5.404541828175600700e-03
1.460134021714030832e-02
-7.850666686449169276e-03
2.021739796814735896e-02
4.795620002571343750e-03
-8.099555486671416310e-03
1.651030546869731302e-03
6.829086412198370759e-04
-9.109790046425900439e-04
1.858812752860260296e-03
-2.083157701330576924e-03
2.945028518702126532e-03
1.033222984134854645e-03
-1.275225847655254204e-03
1.540748232034491651e-03
-1.262875951706358137e-05
1.288243616733275674e-03
-1.171291184047528822e-03
3.048064219688755103e-03
-5.999037467092876129e-03
6.108541174539373723e-03
2.852105038991093085e-03
-4.059945691684778597e-03
4.780139917187332249e-03
1.415978566924786658e-03
5.760890212586269182e-03
-7.070443845756080011e-04
1.350322156713301778e-04
-1.830618165648601229e-04
-9.354734107757852737e-04
-1.604960584659017057e-04
-1.421225476473439019e-04
-1.285903761449250594e-05
-1.441539482638235024e-04
1.293540115283613092e-04
-1.020126186817322270e-04
1.089601712757031017e-06
3.219798126121066473e-02
1.211230529327069899e-01
7.274190642045587352e-02
-1.436273673770341493e-02
2.536150394634678704e-03
-1.063411583765828776e-02
-6.191336795275590582e-03
4.120947110966976731e-03
-2.149530867452073210e-02
-1.081373322438039866e-02
-3.654465085607325452e-03
-1.379950500127170594e-03
5.301117218844862526e-03
-1.285767820855124484e-03
2.730289908789687494e-03
-6.136493562233509124e-04
-2.107023447019017095e-05
-1.824063554550541888e-03
-3.035584880992867334e-04
2.058963268815476848e-03
-1.460084224488416085e-03
-7.310908596805291244e-04
-3.643376236179801664e-03
-5.978591278649398374e-04
1.718659587370726044e-03
-1.123030862275874739e-03
4.796015997718524812e-04
-1.984771778350276784e-03
6.659014428378966623e-05
-2.039189063183534096e-04
3.671688285871652622e-04
-7.610059573554815205e-05
-9.145220883952329431e-04
4.617649418822813355e-05
2.676019549504724459e-04
2.028375859867637880e-04
-1.481693105705082455e-04
-6.236351109798367722e-05
1.112338391115393776e-04
1.735008028568178111e-03
-2.585707018397334785e-04
-3.182014383671118683e-04
-4.304032424560147842e-04
8.019735536628253177e-04
1.125674934631446764e-04
7.066109287589553622e-04
1.547274861691126831e-04
-9.440658235273019158e-04
9.166340988491650113e-04
-8.419073221564033621e-04
-4.817112975504887068e-04
3.207290718806397878e-02
1.208146949058022668e-01
9.536092051716142659e-02
7.090955302599256764e-03
-6.102067995736339817e-03
6.625597096944875301e-03
-8.104660892360214877e-03
-1.544650627434104515e-02
1.994789379859799802e-02
-1.650835545570114582e-02
-3.198906546684162841e-03
3.066313905187279931e-03
-1.448058182914263494e-03
-2.806732564306534811e-03
-2.159341316348942653e-03
4.415192116386414795e-04
2.026486078577264139e-03
-1.666152342822653574e-04
-1.173234799770727504e-03
-3.594266222872686059e-03
-1.051998602503366378e-03
3.007040825416008867e-03
-1.363083153275705889e-03
-1.253761448448011790e-04
9.528463848079549549e-04
-1.427955579480410988e-04
2.253897502907858518e-03
-2.357300027807106117e-03
7.975016078687653534e-04
3.412535740999801952e-04
-2.835771296057644063e-05
3.529365106386785685e-04
1.810235616921251759e-04
-2.639675300301263855e-04
3.463203681895713924e-04
-2.624332746323840455e-03
-1.346055423184708711e-03
-2.815434052534063376e-04
-3.801049135999920773e-04
-7.998294045425458944e-04
2.682381300168885474e-04
-9.388023093515116121e-04
5.028716889914129038e-05
1.067682814776216033e-03
8.680833490478733578e-04
-6.642568137046115078e-04
5.104302417938494591e-04
9.927922560030224284e-05
3.055606205691244843e-04
1.288296565038586855e-03
1.057677127430262662e-03
3.207839610529820279e-02
1.208052897008671800e-01
9.556918954147268497e-02
7.416235063355912718e-03
1.094323145620345814e-02
4.353204746101732754e-03
2.789915342027668790e-03
2.477580877195714043e-02
1.465726808821860884e-02
9.246668650455897032e-03
3.263385086724183981e-03
2.220177849253207082e-03
2.503788805697002452e-03
2.374008573918468239e-03
1.483602591600781482e-03
-1.215734879148687659e-03
1.608571104003888880e-03
2.234421907664293008e-03
3.392541179992211459e-03
-3.121324107701207301e-04
-2.820729172765766655e-03
2.473649925339267957e-03
9.024845971948394253e-04
-6.249923874560521552e-04
1.090372527856148591e-03
-2.953756929216145525e-03
6.747157592459770634e-04
-8.121567178959594431e-04
4.433220511900541573e-04
5.087972090171133648e-04
4.907432323311847547e-04
-3.904557986871093973e-04
3.455128413982166925e-04
3.608130333641893710e-04
1.383980840939233654e-04
-1.831334669573663225e-03
-1.763055133861369823e-03
-1.319385149549968071e-03
4.691354010727409097e-04
-1.104762745148047233e-03
-6.735948936580819042e-04
-7.480708442529225479e-04
-1.210386386923258551e-03
-1.695163942235258748e-03
-1.545015466627060728e-04
5.791335765810188370e-04
-4.975793695005512372e-05
7.247389803524342681e-04
3.761409104736423482e-04
-1.467925185983515993e-04
3.645552913165824786e-04
3.288069429919909803e-02
1.188745635093725467e-01
6.818513491032501816e-02
6.963735744869091297e-03
-1.740675076944427297e-03
-1.320062609005497219e-02
1.871856290753221795e-05
-5.613438576191548575e-03
-2.104395811656203236e-02
4.217361693792011021e-03
5.503943335151144541e-03
-3.291178688040056425e-03
-7.632841077395889628e-03
8.297059123761299677e-04
-1.821339002169105226e-04
-1.930248961013122889e-03
5.228130140790574832e-04
-2.738792680346798739e-03
1.934172621195409192e-03
-1.926308335536810632e-03
-7.601301923791705653e-04
-1.762931294200233969e-03
-2.208178465280374869e-03
-1.072411825030475689e-03
2.163339822405634712e-03
-6.816692580571810742e-04
-8.302779151134084780e-04
-2.664857248372131532e-03
-5.306973269835273089e-05
-5.336972938473908334e-04
2.617153268780421415e-04
2.208327237072953540e-05
8.154249909346550286e-05
-1.303961065687322355e-04
-1.540040434642366159e-05
-7.311695901497138658e-04
2.206060118855058313e-03
-1.644293643959584671e-03
-5.756280509462136227e-04
-1.186433589716074261e-04
-1.489685316527600929e-04
1.855340291532514845e-04
5.543494492127138892e-04
-2.744546487921667720e-05
2.946407800769434548e-04
5.731662291591494682e-05
-5.887502009802123709e-04
5.999255703568944853e-04
-1.376457595906705042e-03
3.677691816962082587e-04
-1.103120816206206107e-03
3.265884132583919686e-02
1.204680141609100336e-01
8.393952726676290332e-02
9.637260554017609490e-03
-6.922234250243962037e-03
-4.165869691679343137e-03
9.870876504026291839e-03
-1.435810641095044277e-02
-7.112592529480538453e-03
2.099101251044705255e-02
-2.738699031616413735e-03
1.038143268520434238e-02
6.382941623697515124e-03
1.248521758942309221e-03
-1.920948071049404220e-03
1.348346093013093805e-03
-2.284486162493468836e-03
8.372585174596908859e-04
-3.840752329963963716e-04
7.207353848515398679e-04
2.313962187488978039e-03
-3.295579459828982920e-03
5.623353278485379927e-04
-1.881933082168056560e-03
2.921913012970454512e-03
2.640552465321931164e-03
-2.436670207477048718e-03
1.032246818449736921e-03
-2.856730680176724547e-04
-1.210817049698058269e-04
-2.236199042119550002e-04
-4.270380124555828567e-05
2.301958638309859774e-04
1.590434250560573809e-06
-2.267455176077339484e-04
1.264760046131855687e-03
-1.670457275927117718e-03
1.974860406543897662e-03
4.690392135399173361e-04
-1.605126358871918849e-04
-1.777177585705259531e-04
3.618553766292222865e-04
-3.922874977239356408e-04
1.255426711483821102e-03
-1.290241319389252373e-03
9.033791577286477952e-04
6.542389580385022827e-04
6.840408728511492313e-04
-6.919221186563358217e-04
-1.474150773073529264e-04
-1.974500077733865370e-04
3.212008002778862087e-02
1.205609607418657303e-01
7.707609707923172848e-02
1.566621583018744032e-02
2.604418429600107929e-03
1.285255322558235234e-02
-1.337866178472332454e-03
3.121212833594571787e-03
2.578426833987295524e-02
1.647644897122611633e-04
-5.143099944311064174e-03
4.633261574328798559e-03
8.157557680940912340e-03
9.949911201705304020e-04
-3.731215393943083198e-04
-2.054184661334528504e-03
3.449055950561749672e-04
-2.995465463412092660e-03
7.203892784830847815e-04
-1.735607688889842049e-04
-8.452371262315409384e-04
-6.926818868390636694e-04
-2.071552995382051898e-03
-2.325204957198183982e-03
4.058836824552749557e-03
-2.338328735576431666e-04
-1.009040546724886394e-03
-2.182474302229208893e-03
1.423779583872007996e-04
5.029808208310523784e-05
1.498002082572542784e-04
-3.621294709813098489e-05
-4.529738375977807540e-04
1.806930879656183230e-04
7.023634607964109673e-05
1.042071363756217738e-03
-7.999410448873300493e-04
1.411086635477100610e-03
-2.991050023028695142e-04
1.091698381470644456e-03
-9.436206887886264445e-04
8.050078143996732948e-04
8.977238601890844688e-04
-2.229702291974160796e-04
4.417250261428003438e-04
-2.847477644463531862e-04
-7.419224487319382201e-04
4.430013783720238669e-04
-1.486844874777982876e-03
1.162169890570959621e-04
-1.269139530514624276e-03
3.284137467727557547e-02
1.210242997913325153e-01
6.646155324880985427e-02
1.784147643898482093e-03
6.853102196796898027e-03
5.204604149077520121e-03
-9.581796528843030195e-03
1.236960076980199962e-02
5.604009431367818275e-03
-1.822722855124176214e-02
-3.203890663669101916e-03
1.294099267942321919e-03
4.928710502378558234e-03
1.299217862452816492e-03
-1.922173659068178398e-03
1.110941773631109750e-03
-2.127358124756288400e-03
6.080158962758441766e-04
9.471647583845707596e-05
-3.801979155052912927e-04
2.248904705590266690e-03
-2.807692999895621683e-03
1.184944765337507403e-03
-1.617395153716235420e-04
8.137199072423624731e-04
1.336768489653953240e-04
-1.094656257413352410e-03
-1.085402752662637362e-03
1.064532156346577454e-04
1.698415906224324742e-04
-4.642408212599645484e-05
9.626852202782925575e-05
-1.906284834008699835e-04
2.139800435740340102e-04
-2.426255911920172857e-05
-5.892772667095958448e-04
4.682934812689977413e-04
-4.800924961325996813e-04
-7.563831928864323158e-04
8.750791562584626189e-04
-9.878619627887868810e-04
4.070024432894631377e-04
-1.377642824905964440e-04
7.497539846918895804e-04
-7.043900794776603979e-04
4.084494921732685223e-04
5.020926898267191740e-04
1.184575863640005073e-04
-7.964449347007232537e-05
-5.687790525635918765e-04
-9.918404752645289756e-05
3.258307980851489483e-02
1.245409198544291385e-01
5.289547590557563267e-02
-3.754449126059841019e-02
2.791833683148389929e-03
-1.347983039427796265e-02
-6.603297082086823609e-03
7.433535095418096613e-04
-1.640015851255157212e-02
-2.253315423525561502e-03
-7.062238440390611327e-03
1.408897760245436670e-02
1.395923319927686208e-02
-1.374418373126619092e-03
3.265998472384335199e-03
-1.071571010738669181e-03
-2.640737199427861909e-04
-2.503685259743251932e-03
1.938853331276383426e-03
-4.310599538109363520e-03
-1.383678675563858708e-03
1.016546109138497401e-03
-4.197432324408871041e-04
1.912614838306316055e-03
-3.668902588401878797e-03
-1.531550224984133983e-03
9.102828633710273367e-04
-1.763178982411024069e-03
-9.945827197423541891e-04
-5.677897782186006395e-04
-7.266672716369560420e-06
9.769232987789427329e-05
-2.639541090297560901e-04
-4.493732933738409221e-05
9.736888507933528212e-05
6.284563748075563039e-04
1.988464330456350497e-04
6.879837543905559130e-05
-1.916040810084962366e-03
6.916639254346506997e-04
-2.151351425252426720e-03
1.007551202252978881e-03
-6.232404665019842345e-04
1.236757505966446912e-03
-5.031541932785491044e-04
1.528634792498091309e-03
-1.347621093456661157e-04
-4.304241431642924303e-04
-3.488721330255938665e-04
-2.271586632348561506e-04
-9.470327528241355994e-04
3.358381138265974925e-02
1.251040082220809535e-01
3.249669073616686527e-02
-2.711950307379312405e-02
-6.161719455430559114e-03
1.204648990848051398e-03
1.415334385796216191e-02
-4.252765788469997990e-03
-1.094909006015604060e-03
9.379500868086311852e-03
6.809325266268700418e-03
-7.842567785351342927e-03
-1.515991624541679350e-02
-2.599906641927325342e-04
5.493347395645974520e-04
2.568400394268408916e-03
-1.902250800994826100e-03
9.316038252120533445e-04
7.047492150282959073e-04
-1.572652557206385754e-03
-4.217192265605834641e-05
-8.130169702017492177e-05
-1.160291435065909115e-04
9.871005272285887817e-04
-2.138673416286066605e-03
7.054252179310379917e-04
-1.556541621676435852e-03
-1.766501647236857825e-03
1.405005718835832950e-04
1.552167032879435199e-04
-1.261004186986219183e-04
-1.500656187651734110e-04
1.335799206082468509e-03
6.115740203792073646e-04
-5.293368689113527427e-04
-4.371781092606932470e-04
7.033362552200884336e-05
-3.014398450111337364e-04
-6.831023655512738144e-04
-1.511170198300107502e-03
-1.883571226180141356e-03
1.258625138456596427e-03
1.427142918798949037e-04
-1.974576261651156655e-04
-7.833674163740963711e-05
-1.254436771537301273e-04
-9.732543130516414700e-04
1.160738990014068906e-03
-1.228296690632447964e-03
7.864203163593321997e-04
-1.494661114955471513e-04
3.217897884546205151e-02
1.208151699993903622e-01
6.402106021379994072e-02
1.328197982300212410e-02
5.783985610230081044e-03
-2.941760246842014571e-03
-1.317115007364826063e-02
8.172814122867902084e-03
-3.001748331363984150e-04
-1.838924558931270478e-02
1.947255547279214247e-04
2.017569193889178023e-03
-7.355820934468914251e-04
-7.080709372351706461e-04
1.643323619608509168e-03
2.196369511296565949e-03
-2.128439175545353192e-03
-1.065944772325296610e-04
1.641671773890889018e-03
-3.843436838079757924e-03
2.753110112884960513e-03
-1.446755342479317565e-03
2.239380378661993704e-03
5.042552246795642358e-04
-1.118188394301236404e-03
6.876264104882946065e-04
-5.754739326050441455e-04
4.913147188752392357e-05
-1.666199200953176831e-04
1.476584842693449767e-04
-3.058542935795713954e-04
5.615501677253845299e-07
9.929626553423195120e-05
6.206189520610111638e-05
-4.940031257647140115e-05
8.356549172239408074e-04
-1.921075413585603435e-03
2.906166420207593071e-03
-3.374743616193540780e-04
-3.779196145950285677e-04
-7.375165420825817485e-04
4.711790462699029037e-04
3.126566646573552188e-04
-6.929117693329167561e-04
8.235183868395486466e-04
-1.138931402999213789e-03
-1.081316943627186751e-04
8.233699792834681293e-04
-2.496415246069023973e-04
-1.959358709719006132e-04
-9.787982783352174661e-05
3.234006743927503313e-02
1.212225674022611860e-01
6.482594263734836604e-02
1.508127394310506200e-02
2.246786142233926642e-03
1.374630287976116166e-02
-4.735408872744061894e-03
3.289402650487788932e-03
1.660605506094071232e-02
-6.962120023582313647e-03
-1.169885698757949354e-03
5.569063134421979588e-03
2.876542718305973891e-03
9.331882933157150837e-04
-1.996996180958329498e-03
-9.045107565404242453e-04
-3.946948189792858224e-04
-2.225224129686101740e-03
3.762231184872565927e-04
-7.741729835486114248e-04
-9.244386760206515412e-04
2.968304573852781326e-04
-1.023719037696787940e-03
1.879008004202897881e-05
1.005559597429326983e-04
-1.645704894411555022e-03
2.775998135042779483e-04
-2.326880879901456738e-03
1.203733623105479719e-04
3.411027877802931080e-05
5.308791710908281069e-05
-5.211264535367106127e-05
1.740687374458238219e-04
2.858250144159246394e-05
-3.602101380034975137e-05
3.318359769954311138e-04
1.005966768819166842e-04
1.670323515548971548e-04
-2.941742849211301117e-04
-4.246192609231344930e-04
-6.590276866600428083e-04
4.404465403609851147e-04
5.507833062625149163e-04
-8.237697562609023376e-04
1.900369674101547320e-04
-9.460433208003083370e-04
-8.387954174016362121e-05
3.901349657233055116e-04
-2.637119761904289711e-04
-3.844568748904484789e-04
-5.106903230905270475e-04
3.228317731609198216e-02
1.229592021106464123e-01
3.772363922579628770e-02
-1.970186314370205721e-02
-5.224060100167183564e-03
8.062947996768930412e-03
1.201343692556465330e-02
-3.983358939529747615e-03
1.000884665474599880e-02
9.276377116013048707e-03
2.997764342988344308e-03
-1.689107722591833699e-02
-7.245105331465726342e-03
-6.653525315955231573e-04
1.561711626278033255e-03
1.361871405497521370e-03
-1.693237539016132290e-03
-7.782730948824917363e-04
-1.871142552627334636e-03
4.235664483301972323e-03
-1.789080330837929068e-03
1.572205003193815351e-03
-3.463954196337096637e-04
5.202723106860398378e-04
-1.238670560965057050e-03
2.060452247028393778e-03
-1.238844442674391297e-03
1.345476860794602662e-03
1.475765292757819319e-04
3.016283478749317887e-04
-2.573089847487352840e-04
3.365502111604832451e-05
5.374918612089831091e-04
3.753228627818153747e-04
-2.764213237585749099e-04
-4.500345338974968317e-04
-7.484303203552134008e-04
6.032553259843411071e-04
-2.351755737451802827e-03
1.015198003373073664e-03
-2.700672432465688576e-03
1.350689498953312881e-03
3.308839956067245280e-04
-8.245771559797609573e-04
1.050943292182920583e-03
-1.363267646728053310e-03
-3.999745410571731207e-04
7.290944830183090615e-04
-4.567039388104878264e-04
3.997104543020948107e-04
2.265506585598684808e-04
