4.239284016638317938e-06
-9.716425208184425980e-06
1.641677262153423193e-05
-2.213954995845952947e-05
2.283020853855679776e-05
-1.852559107330582235e-05
5.652669592366295078e-06
2.065009298880604105e-05
1.252394182767715882e-04
-1.436337368341588175e-04
-6.641361833689356698e-07
-1.351592303636298811e-06
5.969795834184287823e-07
1.682317931489637246e-06
3.915563333067467992e-06
-1.510552375267109216e-06
-2.217410858139114088e-06
-4.448293217486249957e-06
1.742258763476232043e-06
5.956170081944927119e-06
1.335128661421962665e-05
-4.284604341982655623e-06
-2.512826866385589966e-05
-4.885966573873943262e-05
1.709258429088478438e-05
9.695282815243232133e-05
1.212283106993040791e-04
-8.525191120229860624e-05
8.132226467190589757e-05
1.256329437091084944e-05
-3.570112444089533499e-05
5.661252301676933686e-07
-8.766861636049135574e-07
-7.839441704643760226e-07
3.546391780664048293e-08
-1.036938860576805839e-06
3.188416618510051662e-07
5.892152893613927365e-07
-1.037645531576307154e-06
-3.770842023125800740e-07
-2.282722557080498365e-06
9.290560634672078043e-06
-1.169833656857494306e-05
-2.396822991886084278e-06
-6.576552716842949676e-07
8.670792422081996488e-07
-1.465970245746389404e-05
1.370261742376986157e-05
1.976060729794418917e-05
-1.125747926168301544e-05
-2.589310024070943110e-05
-2.550161185396599325e-05
-1.292843485573540214e-05
3.771089910003266220e-05
-2.223396821155773398e-05
3.983278020399931454e-05
6.476880028990032393e-07
-7.660524681783151233e-06
4.406922483411524636e-06
-2.872981498420211003e-07
2.555411575889263766e-06
-5.773041941096272102e-06
1.015345277199496022e-06
-2.690760302757931777e-06
5.286250348818343338e-05
-4.431365615698062483e-05
2.966945811241258038e-06
4.449006402680747910e-06
3.098499315754484491e-05
-9.252273534657507042e-06
8.384973673312982780e-06
6.698310188946266582e-05
-1.801311862430855565e-05
-1.861546726985014290e-05
2.133019943112729347e-05
-3.667241024838451197e-06
9.830128570843068198e-06
-5.344199541802758892e-06
-6.407601760760836223e-06
5.725608296656344968e-06
-3.363211784290152636e-06
2.123218658222636660e-06
1.776193290567557015e-06
7.615048247099948339e-06
2.324406886310835601e-06
7.694169543300136079e-06
-1.549335990315917750e-05
-1.094889539430406145e-05
-5.338390554118084689e-06
-8.093436246092179914e-06
2.894444619413673555e-05
1.790285926682082531e-05
2.002158005428466802e-05
7.081178973628769415e-06
3.647995376799936020e-05
6.423966636669616308e-06
-1.145581913092196382e-07
-5.717505027147942373e-06
-4.522851451803343729e-08
-6.537330999764927051e-07
2.270122894408869915e-06
3.939730459024991077e-06
1.030699780189286730e-05
6.920598621114209097e-06
2.467093815368859310e-06
-8.680334627471551781e-06
5.117346750152785768e-06
-1.273696303508340229e-05
1.988546384667063066e-05
-2.959004730799644469e-05
3.055187142820697143e-05
-5.613714188602265351e-05
7.132485634610403709e-05
-1.281808543874532552e-05
2.889549245583800357e-06
6.135063085928517835e-04
1.255843309473932285e-06
3.230418956055213594e-06
1.843254138592402634e-06
-1.364778599445558199e-06
-9.034870187413800212e-06
-3.501403428165392283e-06
5.134318779363017732e-06
1.390347360140124227e-05
7.106977420366348243e-06
-8.172027498679198740e-06
-2.160620554321748271e-05
-9.218901570731071095e-06
1.498520412807197223e-05
4.010649469068109036e-05
-1.074019276802951922e-06
-9.439192085244812514e-05
-3.620271518028800756e-05
1.049495426913756035e-04
3.006818437869463638e-04
-6.275013416282912838e-05
-5.363401128456777396e-04
-8.551607409283281362e-06
-7.933293408428026649e-06
-1.002046868586101306e-05
7.699346592588058287e-06
-1.419677496676146843e-06
-2.755825252398301297e-05
-3.821510305778464962e-06
3.349177852969999864e-06
9.586998369513140373e-06
1.064170518520238727e-05
-2.486962486642392567e-05
-3.601989972572672402e-05
-4.016997708684191099e-05
3.030667906507916926e-05
-6.753093586689910460e-07
-8.296019885584296762e-06
2.761956624972452284e-05
4.871458934560682293e-05
-2.938678704963515394e-05
4.844181384390956899e-06
-1.374250477203553837e-04
2.293659947155017099e-04
1.338167711513677861e-04
-7.117201310543415285e-05
5.668516617556380508e-05
-5.630255953022309051e-06
2.142754550172298924e-06
-4.973632081245603900e-06
1.053459872142273236e-06
3.202646173616998428e-06
-2.090721574692234144e-06
-7.974997619298407618e-07
1.698445415143752470e-05
-4.050579043108605844e-06
1.241623726170378631e-05
4.418183252101220568e-06
-1.002751434383922009e-05
7.131134172874905497e-06
2.584569319663554156e-06
-2.114092273076213693e-05
3.192763400791798477e-05
-7.709199086518318193e-05
4.864897518989753231e-06
6.320861963512862966e-05
4.074808891089220202e-06
-1.154801252358146781e-05
1.180040209955686669e-07
-4.465384724952348488e-06
8.893563509328596632e-06
-4.212274303838438055e-06
1.377880400647846184e-06
1.070457382840792800e-06
2.708070103817239442e-06
-3.364785569705528592e-07
9.838093953442317500e-07
2.776509992898935152e-06
3.361987419293432917e-06
-2.536130486904415027e-05
6.289437733061070921e-06
-1.114416912566135028e-05
-7.542955311444401578e-06
-1.157455317773031179e-05
6.207828887165718986e-06
1.689799064640861472e-07
2.202243798142041197e-06
-2.910241341076737836e-06
4.165933434339900079e-06
1.116729502026092759e-06
6.294097576485310182e-06
1.044246980088550783e-06
-2.591461341301773632e-07
-2.627279997628255766e-06
-4.636673978846051082e-07
-2.431129157935845303e-06
3.791820355914723261e-06
9.407759199260578531e-06
-1.209314973376841154e-05
4.614171992759588838e-05
-1.797721633310970461e-05
5.648506136319045404e-05
-6.784381609003354392e-05
-6.621395224217950337e-06
3.369627654906630484e-05
6.687756264109157934e-04
2.893188555941875965e-03
-3.151617922325995062e-06
-1.411952952752909801e-06
7.373815869135500171e-06
-4.721987221477147189e-06
3.302762272442119666e-05
-2.826531952849598261e-05
-2.242176962629978775e-05
1.269196075686685790e-05
1.776739546092409640e-05
2.848783392955911201e-05
5.234501881627120123e-05
-6.283475658996174424e-05
-4.938960839275653394e-05
-2.212846763184406543e-04
1.998214025929629918e-04
3.017993606095284052e-04
-1.819120459449459026e-04
-4.203364842101642014e-04
-2.850004918948565412e-03
-6.245183287900147803e-03
3.318619889795498649e-03
-3.586777450598774210e-06
-2.371242384184895629e-05
-1.492527217588417156e-05
1.277744059477300346e-05
-1.082253579595427121e-05
-4.683145707990485595e-05
2.176627657858691827e-06
8.215226753947627941e-06
-8.454513945908941934e-06
-2.442938746325669947e-05
-2.236772517681428327e-05
-1.196743119667295554e-04
-1.037865137706498559e-04
7.123227468742818365e-05
-8.627954733362525942e-05
7.305962796274645171e-05
-1.602279719724540293e-04
1.539013915412552717e-04
-1.592358238641560441e-04
1.798876741760495210e-05
1.095109688606201907e-04
1.664630322346621460e-04
-1.111276439740131261e-03
8.130208412825376844e-04
-1.094924908272637380e-03
1.790292452352872671e-05
-3.232676358503431051e-07
2.124994603382145684e-05
-1.204604856721161259e-05
-9.978510422035267226e-06
1.254067615235788968e-07
5.731473784530170493e-06
4.003141996705341244e-05
-1.423564621214386944e-04
7.397526987067881883e-05
8.628122299040257405e-05
4.630608764470646785e-05
7.439749362701689270e-05
-1.273340653363991574e-04
-4.854221849506173503e-05
2.088112914180637156e-04
-1.932931665572655458e-04
1.420523477456140304e-04
-1.330157935200759279e-04
2.295526412615028289e-04
-1.321843192348171904e-04
7.200131040484237560e-06
-1.102556164154240181e-05
8.662003494344102479e-06
-1.238910295819332302e-05
7.409959411769764519e-06
-7.955027435708374669e-07
7.735547078436832448e-06
-6.940730902883018258e-06
1.151835977012224304e-05
-5.216965092547773864e-06
-3.712524627180815808e-06
2.367455687103437283e-05
4.362211764136896019e-05
-8.518586407101483087e-05
-1.021539606309070820e-05
-6.616799313079744019e-05
8.014202068050737518e-05
-3.964020948316022915e-05
-1.641191377672766434e-05
1.567075609940072117e-05
-1.337756254198517809e-05
9.130549697391562411e-06
-2.154959205450437728e-05
6.789566097542868834e-06
-1.584554200886250663e-05
1.700883791367404372e-05
-3.123384289685072308e-05
2.507570984503762471e-05
-7.171665387657211379e-06
-1.829695288084303629e-05
4.374104250127503504e-05
-7.017355858117018980e-05
1.048575823005600270e-04
-1.100885227965531530e-04
1.011583210919934168e-04
-2.129188200781432887e-04
4.181859898724074121e-04
4.164681929141920649e-05
6.806865054477319842e-03
-6.402517823119789164e-06
2.771542362348348857e-05
1.949901671813816957e-05
1.671568433074373264e-05
-6.096159477246453675e-05
-4.284919609393028758e-05
-2.323040195311180259e-05
1.073734309465948462e-04
7.325520634658985546e-05
5.621012433475435090e-05
-2.333195255345916813e-04
-1.500563813268872228e-04
-1.246969744969014815e-04
5.224312131576714854e-04
3.001489915485802489e-04
3.692062485425365564e-04
-1.555021061602890721e-03
-9.032330765696496315e-04
-1.638784186483684081e-03
-8.803215226720021314e-04
2.010963496639741645e-03
-3.595626331306833075e-07
2.149253310983230493e-06
-8.696127384764065933e-06
3.638649337039406850e-07
-1.266870725786882530e-05
4.452164461693282128e-06
-3.406880992675695145e-06
1.883614937848502560e-05
1.390017844061484814e-06
3.070768230880935578e-05
1.453262925025734937e-05
1.485205945765471439e-05
-4.594765427957482661e-05
-1.432590117555464485e-05
-6.999995808038254484e-05
-2.003137499584085033e-04
5.031940213854383629e-05
1.564411360722809405e-04
1.186971333944145113e-04
3.044052696463707668e-04
1.901790540828483713e-04
-1.956977758878290492e-04
3.674009626674283970e-04
-4.605551758852393404e-04
2.892620555410023355e-04
-6.763589041074313885e-06
-6.793249756744294727e-06
-8.404615878517675373e-06
1.033197858741595826e-05
-1.733058742435553175e-05
2.371433186452178804e-05
-1.265035088296179274e-05
1.384729272644380288e-04
5.067633631236611989e-06
1.741297298683594345e-04
-9.626710948859586137e-05
1.915377412187385469e-04
-1.766381109741851755e-04
1.360082720124600989e-04
-3.626830261735846045e-04
-2.741290810013670402e-07
-3.480770219025378564e-04
2.372272666166062990e-04
-2.029780975009686775e-04
3.111665910943796419e-04
-2.571354321492196450e-04
2.013302900117439206e-06
-1.939440547692654153e-05
1.944110408790160325e-05
-2.459930536528289797e-05
1.467338284373804152e-05
-1.554552495808817420e-06
2.346671652521404507e-05
-1.437164356692197972e-05
2.281156924434264439e-05
6.950611667408325856e-05
-4.907462619282232281e-06
4.779785292532818760e-05
-3.149594142591179125e-05
5.735923954670143533e-06
6.171515936624036606e-05
-1.101650732415612396e-04
-1.771450751924356711e-05
-5.178776693177109170e-05
-4.335881094671069995e-06
1.463799344838872229e-05
-2.074865457488266830e-06
-1.744847745605064311e-06
-4.071938784667855841e-06
-2.605501253532991831e-05
2.400270637114264722e-05
-6.134560345478359627e-05
5.271644324824275115e-05
-4.221642045421571159e-05
2.892306672865887444e-05
-3.291241586663883387e-05
1.398968322649798643e-04
-6.735010564461836255e-05
4.004072804724506337e-04
-1.419301221442896555e-04
6.664432656894127608e-05
-5.336218044994032583e-04
8.988485948539052259e-04
2.193730665437284015e-04
-9.211134446881517196e-03
1.982107270291761888e-05
1.678742340912192202e-05
-2.096960992420769581e-05
-1.250494743990128725e-05
7.327828423111226437e-05
1.049428796345020372e-04
9.514560743504843932e-05
1.488189144677975714e-04
-3.019859326288208267e-05
-1.204103442465626463e-04
-9.122521912204722971e-05
1.775582763122098440e-04
1.581212175506306670e-04
-1.092580462531982555e-04
-5.728720269990986895e-04
-8.384530263279276483e-04
-5.137612878085655570e-04
7.967073373362924859e-04
1.246548207424526440e-03
8.559013960802217382e-04
-1.502346406067179554e-03
-1.860631093695803314e-05
8.331533725818676174e-05
-1.513901549270062934e-06
2.295040301320458421e-06
-3.892207704811570827e-05
1.432394288191900656e-04
-7.134348623102600758e-05
-2.908423360427737244e-05
1.830151500606434108e-05
-3.223769637520986658e-05
-1.912188119820602003e-04
5.933142628571925602e-04
-1.830206760327008066e-05
1.131394910472745540e-04
-1.911474382488059158e-04
8.525736998230525054e-04
-1.101627413857915157e-03
-2.149525791534810572e-04
7.261105342647171553e-05
7.757431048066735287e-05
-7.053316542346528756e-05
5.095957220350347640e-05
-2.381792162931036915e-04
6.839332087276204326e-04
-2.387092213615396884e-05
1.888872293652225370e-05
-4.136590187830778133e-05
-9.670808566183689006e-06
1.148327382788449062e-04
-4.995779987815325817e-05
1.212115821653361904e-04
-7.473874906467044092e-05
-9.873035506505975986e-06
2.767879946892669524e-04
-2.528884289818396496e-05
-3.898783887418181106e-04
1.060177212423095265e-04
-4.435269926189060381e-04
4.750382626261486396e-04
-1.562049861737270143e-05
7.358287294088845321e-04
-5.170019530380397677e-04
4.826477173732318649e-05
-9.855674535028365935e-05
5.744047171056707003e-05
1.350182324862006338e-04
2.069180136499121331e-05
-2.635536588981517470e-05
-2.613596362173054241e-05
-6.708665817107436449e-05
4.116812346128612609e-05
-3.388379715403605941e-05
3.488465952901591402e-05
-6.443469608146815467e-05
5.016891690452386231e-05
-2.950525728716076480e-04
2.342466448107098382e-04
-1.241137586905582632e-04
2.238302975291616575e-04
8.377674708937397224e-05
1.427144703715077251e-07
1.765216183996903550e-04
1.423308182820627188e-05
5.510275014736817478e-05
-5.940858363634496625e-05
3.770633151623855467e-05
-9.828531332198481069e-05
6.671290185905760209e-05
-2.772752314863539814e-05
-8.671390221263727621e-05
6.040758746483067357e-05
-1.243685258391278279e-04
1.038460795999113467e-04
-1.005817467809179113e-04
8.884717885448523649e-06
1.120281972408217305e-04
2.383228272980988547e-04
9.135043582115500360e-04
1.121001136033575405e-03
7.057221138942771374e-04
-1.352109480176142764e-03
-3.633953953540128897e-03
9.496145558469759260e-03
1.108417737545096607e-03
-6.793321623568981775e-03
-4.081091983308374898e-05
-1.115846762242989595e-05
1.018229830022702559e-04
-5.136466021239440016e-04
7.132573717021341514e-04
1.101001780664777503e-03
-5.900988280378345347e-04
4.576189481443144395e-04
1.338997021819179900e-03
1.219364335679100825e-05
7.152537899970069432e-04
-6.017371890297480334e-05
2.473316863057212645e-03
-3.377601463200789831e-03
-5.212337355568528660e-03
3.369534835740711103e-04
-2.788904158718556996e-03
-1.888470867522591256e-03
7.656813098619159874e-03
7.943351813622679183e-03
-1.060385344962095841e-02
-2.377777449468661535e-04
4.860614613606945825e-04
3.738338809170792558e-04
-3.610766701438688337e-04
-3.027480745038088863e-05
-5.986541616782773247e-04
1.401529870981616140e-03
1.688799959346314137e-03
-1.699277145156946047e-03
1.579095708691315028e-04
-1.671541488029391767e-03
3.403970691039870378e-03
1.474639464996854851e-03
-1.641085909570104808e-03
-9.069243429488983710e-04
3.006779426838201725e-04
5.172436045603765945e-05
1.378100289527297261e-03
-1.615132842543402910e-03
5.076547633515387332e-04
-1.542755463707020736e-03
3.319187246827907858e-03
-1.633269731770700802e-03
1.278648916119364248e-03
-2.386091709978443998e-03
2.798621041031678974e-04
1.411776489852485780e-04
-4.051158415486662832e-05
7.435628117551393648e-04
-5.966991999865353755e-04
8.805263490655479159e-04
-4.088466936476316108e-04
1.865191097248657028e-04
6.552012168604235028e-04
-5.016825471882511295e-04
1.127038643874531511e-03
-9.863932159208867612e-04
1.535533392701974404e-03
-7.232052258883325466e-04
-7.218650479782350200e-04
5.949396656233860029e-04
-1.186979281129582186e-03
-3.435450718493754125e-04
5.748723134936298534e-04
-5.187886190478619699e-04
7.306657475476519253e-05
1.909171276920774811e-04
-2.867799470045616556e-04
4.999395881244124776e-05
-2.261126498581520112e-04
-2.254876908816449347e-04
-6.783403147948334163e-05
-1.236905936580056243e-04
2.108328161524248754e-04
1.758910333012272479e-05
-2.458995101496457784e-04
6.020153768106384796e-04
-7.110132504308315938e-04
8.707106970702482200e-04
-5.779934270522976659e-04
1.557380394073932476e-04
-6.749799361758081293e-04
8.905512621514297469e-04
-6.509591559633303576e-04
1.211753388517167098e-04
-3.068478818863735634e-04
2.798616574115483317e-04
-1.305893574051651619e-04
3.096705134037012336e-04
3.788075478704780772e-05
-2.135336232264689843e-04
2.284531073156706893e-04
-2.559827629630033528e-04
7.453498302175194220e-06
8.169018044124308215e-05
1.159541400413356223e-05
3.255627114092281384e-06
8.138365614345955562e-05
2.409194543046094976e-05
-1.148830284012703536e-04
-1.793346436928025523e-04
-1.182432082972694008e-03
3.197198471921694918e-03
2.548086744031972505e-03
2.939933023099344962e-03
2.175616238583660554e-05
-1.124322585651307324e-05
-1.837817740036618234e-05
-2.112881228684513485e-04
-1.137849934277401017e-04
2.079313285902547627e-04
-3.589967366803399157e-05
-1.412868395410914744e-04
4.053705701098352798e-05
-3.366755218155304398e-04
-7.599956897667096956e-05
3.676446410776016815e-04
1.346853110020726539e-03
6.597716432833278331e-04
-1.558597027388869492e-03
-1.072814671643528830e-03
1.165911556275271667e-03
1.906416093380846211e-03
9.478404666050608066e-03
-4.959143355925297973e-03
-1.539651955864394448e-02
2.064329882587273123e-04
-2.101346803735250747e-04
2.515717274575556864e-06
-2.071465838672559062e-04
3.001235422724641213e-05
5.947267677738747073e-04
-5.943384674485797632e-04
1.100337623297974546e-04
-7.909551403788006845e-04
1.049379324488514099e-04
1.294562470074235149e-03
-1.338061095316376301e-03
1.627180670340769753e-04
-1.491777009740027264e-03
2.216894899766654807e-04
8.887890531844883524e-04
-9.656991630523352899e-04
-8.507324511419275120e-04
4.135016873561365237e-05
-5.915019681660484445e-04
1.752556008842526269e-03
-3.384360196615522360e-03
1.725958037279322300e-03
-1.648218100937872983e-03
2.485142952054653076e-03
5.232416656825073133e-05
-1.396474025104903921e-04
6.048591708753387169e-05
8.602250864936811930e-05
1.277876169162481597e-05
1.115178199035457117e-05
-3.043277787059347174e-05
2.609334152970764899e-04
-1.614407139373595884e-04
2.715536536622839212e-04
-2.402144065408846367e-05
-4.676429468749607556e-04
7.458129343133175642e-06
2.463234545134788348e-04
7.711865164794826479e-04
-8.365760921429083287e-05
5.157141071489806765e-04
1.749839546811892744e-04
7.681685875027367350e-04
1.030220466641559756e-05
-1.005200371978708345e-04
-6.369286189186374619e-05
8.352565470048462964e-07
4.607080266398835307e-05
9.718899465653034930e-05
-3.602267589917996295e-05
8.439764857184363627e-05
-6.479415494284730638e-05
1.286603968445418247e-04
-6.023397757774220321e-05
2.560855811968646952e-04
-3.157003845229546858e-04
2.099960082887864594e-04
-3.011723329379129119e-04
-1.202529892222538207e-04
8.663423074519557203e-05
-5.777793377727419175e-05
4.049231477922311161e-05
4.138303037502404281e-05
1.038180154724696472e-04
-2.097262049398643995e-04
1.515179501217500679e-04
-1.299028162376989761e-04
9.382211590899072241e-05
1.177141062353976404e-04
-5.820415239592804425e-05
1.413447424962564888e-04
-8.290529473829726527e-05
7.378998600901195450e-05
-7.104771864491030316e-05
-1.959163797253985376e-05
5.504920857987500497e-05
-6.832232700368689245e-05
1.439471006543353263e-04
-1.370159292550566805e-04
1.186486296017905362e-04
-4.374680431453987594e-04
7.974498472332785300e-04
6.425286172700498104e-04
5.606012832731359190e-03
3.961164843086074562e-06
-1.338146430773759367e-05
-2.961895229190386666e-06
-3.848834299159195090e-05
3.498384995058851477e-05
3.503488054563203886e-05
-7.445057481043774145e-06
-5.149774322427914312e-05
3.979616303234013537e-06
-3.783331846751507662e-05
1.440726189998920868e-04
5.865878113533255078e-05
1.994898836165860830e-04
-3.491367958432733888e-04
-2.907634295321747829e-04
-1.954348167652940967e-04
5.444843213445191635e-04
5.072143680236691288e-04
2.557658219214256536e-03
-1.019045997994916936e-02
-6.370090908210786218e-03
-2.256945739632836895e-06
6.499553534631578892e-08
6.729410757088877742e-07
-2.391785680081289005e-05
1.517922980992229384e-05
-1.662220687500927789e-05
9.703484018989305449e-06
3.258378464774393078e-05
-8.188521956361828310e-05
5.241146036934905730e-05
2.050136377833733471e-06
3.769232056121121983e-05
1.667917390884145028e-05
-1.913695068442978586e-04
2.017881889092672980e-05
-1.089868926789021417e-04
6.613670874931499308e-05
-3.036061121203708691e-04
3.688919217932403599e-04
-1.258287139149120255e-04
-1.248159466015607384e-03
1.458059968841217587e-03
1.826910077406523848e-03
-1.186726348328587689e-03
1.450535225977006831e-03
2.405660994717925586e-05
4.536832461037639002e-05
-4.214896717530486158e-05
2.510433721496812989e-05
-2.061559670505085399e-05
8.192993569320481035e-05
-5.050338157784988445e-05
-6.766138807824425129e-05
-1.451814556180918434e-04
5.528186544233199695e-05
4.538612514849281481e-05
-2.506725674040842901e-04
6.226597210534001909e-05
-7.738759302543684498e-05
6.135075195063046261e-04
-1.417927775789080687e-04
5.339281557082638024e-04
-3.396298614192872709e-05
3.470374957384935138e-04
-2.828982512664304671e-05
1.263431833496400831e-04
-9.908484636485392910e-06
5.566503104571635662e-06
-2.773999175056282490e-06
6.791186793046974898e-06
2.370054592719924449e-08
-6.289286314190624958e-06
-2.393371017127012200e-06
1.080372400691226343e-05
-1.026295676238472099e-05
5.502151888222772615e-05
1.674542931393468618e-05
1.658468514955602295e-05
-5.330666803199191419e-05
9.001512104822202167e-05
1.031458947397815929e-05
4.088746341420079500e-05
-1.128755109722980081e-04
-1.649018901083993126e-06
1.193185259776233214e-05
-1.630727317599499639e-05
1.803253726530254885e-05
-2.867257270143721691e-05
-1.468380736800413560e-05
2.210996178399633524e-05
-3.509388246602127503e-05
6.800349485528839864e-05
-5.150951905984568719e-05
5.725987981544604474e-05
-3.332612887518728826e-05
8.799636316857189144e-04
-9.118437951834834762e-04
4.607343862168213414e-03
-2.755393522290139601e-03
2.303480118003716284e-03
-1.480642370563072657e-02
7.990348020831412532e-03
4.242777093304626185e-02
3.423405795496690246e-02
7.498003690710443314e-03
-7.049918685919262214e-04
-7.074615482600077549e-04
1.187520152681869169e-03
-2.904640761393551072e-03
-2.526939254211632829e-03
4.879462432962031887e-03
-3.114073922524847066e-03
-3.111522212674401773e-03
5.236597332757034554e-03
2.554749500142128489e-03
2.573326872110942402e-03
-4.287395233996592336e-03
9.907741294488903172e-03
8.290127123290913502e-03
-1.678481446268807742e-02
9.950728535076005035e-03
1.180538405922052815e-02
-1.651268651651111377e-02
1.678652374673990930e-03
-9.254981137812587962e-04
-2.690948534027264982e-03
2.520239017981334810e-03
-4.262636824573349907e-03
3.011939625339566957e-03
-4.598730527395136769e-03
2.098635607381454710e-04
8.090744408468636059e-03
-1.348537953514143337e-02
9.878355398077185920e-03
-1.522308629299393493e-02
5.678133885772390903e-04
1.162195796051188230e-02
-1.975376743723585710e-02
1.340096486435638119e-02
-2.014639588370311513e-02
1.446511427239392670e-03
7.264147710555318889e-03
-1.277010637168070339e-02
9.430712903141812153e-03
-1.219359206678347247e-02
3.380478146742772576e-03
1.746578539192784971e-03
-2.897771296837730118e-03
1.378883594869644014e-03
-2.037061794651994547e-03
9.005841781850361524e-05
1.049480878763122370e-03
-4.017565612448380057e-04
1.294348274748074838e-03
8.844428535507051453e-05
-1.383122443021664793e-03
3.040799706310793498e-06
5.250840846124630755e-04
2.046565010128481577e-03
-2.687335257059620015e-03
3.758224982030363391e-03
4.958632152948359200e-04
-2.258103853107491354e-03
2.180597355224244544e-04
4.946538737267286174e-04
8.315725378785518516e-04
-1.807375242802691968e-03
2.299767259212587896e-03
-4.098533236848996377e-05
-1.612495726280641886e-04
-4.200981730469918718e-04
2.135974738476440870e-04
-3.674824265058357787e-04
5.477672035588180242e-04
-7.414975563000577013e-04
5.746484149021618667e-04
3.252305344293611998e-04
-3.158285971914737752e-04
5.767310111774482132e-04
-1.339221872737421100e-04
3.868247258346644755e-04
-6.666609774320374519e-04
1.366555013226347952e-03
-1.350074264532086709e-03
1.281197421323028310e-03
7.176922278995590595e-04
-9.037461419711134442e-04
1.158605205046739188e-03
-7.548579424960283248e-04
2.366332909940882913e-04
-1.924999393873713042e-04
1.221950074161799391e-04
-6.299885471644148510e-05
-2.505525481415506726e-04
-3.334234585879966876e-04
8.986562137283607302e-05
-2.162279670740125195e-04
3.606436961715462014e-04
-2.414557055988323308e-04
3.299057722318502633e-04
-2.550358010552901075e-04
9.406794700649523866e-04
-8.906481547550787210e-04
4.956911639755877223e-03
-2.630194976038649837e-03
2.376556769230594307e-03
-1.557376047453188500e-02
7.588164260237725139e-03
4.759890621048253057e-02
3.322513740442040869e-02
-2.621813372373147364e-04
8.735663897390075509e-04
7.389603998994476348e-04
-1.274091634323682321e-03
3.306629658241146651e-03
2.847218229711880912e-03
-5.121538719943037610e-03
3.832500600926016382e-03
3.274538734813438410e-03
-5.623358476183519007e-03
-3.322680220143349461e-03
-2.690625622175992025e-03
4.843819973148327622e-03
-1.110302629754706706e-02
-9.251205699387279185e-03
1.708994908185279202e-02
-1.262846991322189374e-02
-1.167755752212730827e-02
1.863345428672486329e-02
-2.264101463882268669e-03
-5.441318738945102700e-03
2.855004921872108126e-03
2.926351049226593067e-03
-4.427189260682562987e-03
2.743754679693321315e-03
-5.086744636919113619e-03
4.438609158825953193e-04
9.146785503740010800e-03
-1.376183515127240610e-02
9.166549206903178149e-03
-1.674393582250299425e-02
1.341216946495511850e-03
1.328844942928106461e-02
-2.040441021813614239e-02
1.209333564487326262e-02
-2.233450618607001059e-02
2.335264813499313575e-03
7.979229369416447962e-03
-1.424483916641151003e-02
8.842118082584907168e-03
-1.279395975335421813e-02
5.334983280154049871e-03
6.113681020868327399e-04
-1.549833404693310140e-03
1.791416216848643311e-03
-1.967699027242383967e-03
1.246838328239913444e-03
-9.434130353604479021e-04
2.483079942246728790e-04
-1.247627787264048724e-03
-2.568236516384156897e-04
1.631714679132095433e-03
-2.376910820712858008e-04
-6.576721737586180500e-04
-1.329846940810696905e-03
2.044960938296285901e-03
-2.780298675794166344e-03
-1.038590138193894305e-03
2.436970040226185772e-03
-7.522073437614903730e-04
-5.007323240254791261e-04
-1.106439991752435677e-03
2.212549472135075680e-03
-2.324961271449480036e-03
-3.036652986119500546e-04
1.621373772943111597e-04
1.065168687443762496e-04
-3.141171116530828175e-04
-4.045021465620511213e-04
5.405107957205629136e-04
-6.998384704906760855e-04
5.944980121510309943e-04
3.845822691214455724e-04
-4.408686949292052936e-04
6.516806782360526828e-04
-1.825712469515028641e-04
2.907600474115155107e-04
-6.188869227949249157e-04
1.246904227309438918e-03
-1.391711973980346798e-03
1.231170365397445121e-03
9.153793826631210443e-04
-9.248583746106967115e-04
1.221063781120738717e-03
-7.925681775616256726e-04
2.272415890432652973e-04
1.544367009454116683e-04
-1.247969366254564902e-04
1.567745765560904682e-05
2.907013373837212555e-04
2.995412622915754057e-04
-1.304672491610807882e-04
2.930091853177905180e-04
-4.318509214547979966e-04
2.927618253029805220e-04
-2.821179596189038398e-04
2.998645557580257009e-04
6.490597015676890147e-05
4.176693238588764182e-04
7.926692466217985815e-04
1.632689005379114357e-03
5.342539094343819097e-04
-1.161413304410098719e-03
-4.010442708079753164e-03
9.370651101629734817e-03
2.145317092616862847e-03
-1.540432641892973409e-02
8.114711931894692202e-05
-2.559223090187243602e-05
-1.082720178528633217e-04
4.987424805341495165e-04
-7.936350444860978568e-04
-1.003574775424549790e-03
7.935672536412183937e-04
-7.150431705923689573e-04
-1.309469611705518007e-03
-2.898465189556001889e-04
-5.448484964152431253e-04
1.689782877263313070e-04
-2.141573329551934267e-03
3.427544778122506783e-03
4.418152256468582326e-03
-1.323188015077462381e-03
4.415474535753279375e-03
2.091394944506158506e-03
-6.595162118086614171e-03
-5.926564177058177632e-03
1.458994708535762616e-02
-2.362891595592993537e-04
4.622620294417337868e-04
2.071619101837315023e-04
-3.499721481849648306e-04
-6.798435497743136554e-05
-9.006768574013315678e-04
1.435237908119615111e-03
1.187275354850018299e-03
-1.560579020931166612e-03
8.009119080394254062e-05
-1.342592202775156132e-03
3.062248991301036536e-03
2.947900421880683209e-04
-1.331605550766022010e-03
-1.217733600537201488e-03
-2.513453125440870926e-03
4.710131348607547556e-03
2.842529106782863257e-03
-2.369273408066071250e-03
1.180963718402919553e-03
-1.988709673572257829e-03
4.527709168170054692e-03
-3.093859719660709082e-03
1.645615510387278459e-03
-2.709873422271033040e-03
-3.132496330690965843e-04
-1.217138303979440836e-04
1.299764762773980987e-04
-6.875363679332798569e-04
5.940415452689095733e-04
-9.728048651980372025e-04
3.908626395230939995e-04
-3.555414566150746523e-04
-1.285228268580294311e-03
1.343787191270037502e-03
-1.242240643804220796e-03
4.709929742240443655e-04
-1.716475946280159341e-03
9.458736263466841149e-04
1.946309505119663615e-04
5.693967531609090137e-05
-2.157482547851556013e-04
1.293214102018636156e-03
-1.341000267171134136e-03
1.251641164857954062e-03
-6.198781493651740141e-04
2.746499115895576566e-04
-3.828696090241185540e-04
-5.060206588663228522e-05
-3.138960049991161160e-04
-2.340256653716331261e-04
-5.515045289665261363e-05
-2.157315305046468698e-04
2.565799593451907417e-04
-3.553646235045662634e-05
1.078182442196718734e-04
2.924038814871048790e-04
-1.179983732744560674e-03
8.695872106848282065e-04
-5.038536921203031968e-04
-5.487761581960302285e-04
-6.510165288273047843e-04
5.824399814880131757e-04
-4.220957609389995179e-04
-7.391566083442195991e-05
3.203860024263212748e-04
-2.890961060572878145e-04
7.211204445891395722e-05
-3.474036183821640317e-04
-2.265378024789628270e-04
2.982242391686593607e-04
-3.977408372281120846e-04
4.287529419169474514e-04
-1.016810435746527881e-04
-9.505122826893747936e-06
3.477937765639768419e-05
-7.866977703953524311e-05
1.434210432463045354e-04
-1.756291854802245040e-04
1.948355873225399138e-04
-4.080543230754059259e-04
5.567889049270766414e-04
-7.416083836066051857e-04
3.162137320575491260e-03
-4.493084930070004139e-03
-7.144629474907925448e-07
-4.943380153914900396e-05
3.051093289161467016e-05
3.912153866440701142e-05
5.683325807588259372e-05
-3.900510764589092957e-05
5.140475687412946940e-06
-2.076536941745467282e-04
1.080178073684169197e-04
2.429627059345467897e-06
3.217628652220620332e-04
-1.187513603239378167e-04
-6.419719921224559906e-05
-5.265033291546225005e-04
-4.320609841019787742e-05
-1.601314640010197783e-04
1.901778414868114274e-03
-9.981619697986917781e-05
-1.200048207811973359e-03
-1.694569006564787712e-04
2.349907369902739119e-03
-5.458529070312705714e-05
-1.167214384087931784e-05
-6.214838920542178090e-06
-1.464910453580810553e-06
-3.468769202411002176e-05
-1.233915663149010998e-04
-2.069123866805622311e-04
-9.817969038459421587e-05
1.354825339876072801e-04
-6.716042916654012924e-05
-2.395368386584302643e-04
-8.314374694970186569e-05
2.969978250627994829e-05
-5.738035231672499645e-06
-6.902284642956026215e-05
-1.450453270009684084e-04
-2.849586706816582458e-04
-6.409684612698797208e-04
3.061864880291176186e-04
-7.091114127190534938e-04
-3.157620605555381535e-04
6.043307846423193620e-04
-2.036720732367331766e-04
3.973423084700204263e-06
-5.393903231223209438e-04
-5.775340809324126384e-07
-1.451181649985308324e-06
-7.995631787743097293e-06
-2.121387961569140477e-06
1.338526982207910313e-05
-1.594954002866702688e-05
2.079136020035505858e-05
-1.039665446332701919e-04
1.893224920674819496e-05
-1.876142009319819732e-04
-4.113299344104245426e-05
-4.905815861656317066e-07
-9.284359941478281569e-05
1.425590664964687334e-04
-1.865070246873952572e-04
-1.470295827469450100e-04
6.374368042507086332e-05
-1.255427439053988139e-04
1.092517462695614207e-04
-1.857540671733538991e-04
9.577479593206151913e-05
3.519218521105091406e-05
-3.346007524440079950e-05
2.213865135943040259e-05
-3.809408475056618901e-05
2.702042660002413750e-05
2.138030062996366403e-05
3.219447434458014550e-05
-2.472303120068077559e-05
2.095894725472305092e-06
1.190811360913010097e-04
-1.955730389007536232e-04
1.225549830571178659e-04
-1.969583101242376039e-04
4.669684969270752591e-05
-6.677723755405252069e-05
7.461123583636300590e-05
1.692466008651579413e-05
1.176067347621840778e-04
2.364799733785895872e-05
-1.484353229041999481e-05
4.848710922679970892e-05
-4.602873072364591940e-05
5.462121234222413069e-05
6.848153175288587517e-05
-7.022111226349831309e-06
7.769166290334029209e-05
-6.034815234947260880e-05
7.540067770231533028e-05
-4.845805984497258766e-05
-1.986190289921110430e-05
1.415127288446933079e-04
1.637121652974420080e-05
4.355364001791495686e-04
-1.853364831093874850e-04
-5.158406816897726448e-05
-1.494613996738551175e-03
3.364993338885046911e-03
2.789622443767024711e-03
5.587445285399966592e-03
-4.858387788609043900e-06
1.773776543827495707e-06
1.055590516746471088e-05
1.319145228047323784e-04
-5.045914600005125422e-05
-4.144253444007817686e-04
6.669227976079617154e-05
-3.360967492498595857e-05
-2.431954650155126465e-04
1.372056986724369879e-04
9.045132151879385654e-06
-3.923792800942901469e-04
-7.370783979042994137e-04
3.043126880410768000e-04
2.179147357560299713e-03
8.217165565771701260e-05
-1.513020304631314435e-03
2.917837076634659070e-04
-8.743053678514967064e-03
5.683217222947084145e-04
2.066222176623347048e-02
-2.780666943094800304e-05
6.197881006193010000e-05
2.258957253686939479e-04
-1.204123775099350403e-04
2.006126249516295188e-05
-3.772677288048552021e-05
1.831420178048352590e-04
7.616429424587300729e-04
-4.416943824391278547e-04
4.714575069158214891e-05
-7.745389182678085968e-05
1.685145801620304567e-04
1.494044887275891575e-03
-8.645117666055333839e-04
1.104586228814955330e-04
-4.407485033090202502e-04
1.430724316193106175e-03
5.460666277019791525e-04
2.806105895834779982e-04
4.461131765447653411e-04
1.388492912836769132e-03
-3.601239965223664886e-03
3.844874825579483978e-03
-1.660822738610936902e-03
3.294318052050381439e-03
-3.726793961420455861e-05
1.174234812729914068e-04
-1.460201653919157539e-04
4.437007470825924283e-05
-6.776236295074949869e-05
-3.951721126630403997e-05
1.139538910049142738e-05
3.592947526706813887e-04
-1.790401321040535469e-04
2.744684794804501241e-04
4.315816824470752508e-04
2.903202717850796293e-04
5.731169140301751487e-04
-2.456141963850326493e-04
-6.836828746873041584e-04
6.228875731564780362e-04
-1.277539987251355598e-03
-5.588018509807335171e-04
-4.092695272702425780e-04
-8.394861544307883261e-04
3.170459170789375410e-04
1.899711321980251922e-05
-4.793904341016908487e-05
8.037108246588013302e-05
-1.269118570268257327e-04
2.143445196372793319e-05
1.268321526432223363e-05
7.853011680371254799e-07
-1.315384670335224783e-05
-8.943264923433510950e-06
1.545354090581299491e-04
-2.308944300907668902e-04
-4.678839481621621123e-04
7.964595300351596011e-05
3.096149766231617298e-04
-6.858882959839209968e-05
2.926261933271149911e-04
-2.432531089826451436e-04
1.955569630586423240e-04
-5.011969235929335681e-05
6.878851503653718783e-05
-1.066194953430009006e-04
6.706860265193531558e-05
-1.522227874019994312e-04
6.823250201147995934e-05
-5.702381858869362801e-05
5.829910327980642479e-05
-7.312244086051910685e-05
2.357506143634729547e-05
-2.952754795662303052e-06
-2.974825895982563282e-05
1.157840346128925096e-04
-6.999855352948975741e-05
3.219534244552648664e-04
-1.392241665347160513e-04
6.133731119948856796e-05
-4.097028439486262224e-04
4.030618926835297122e-04
2.731744207268425439e-03
5.273148285782612056e-03
1.828422585740146258e-05
7.943474512029290532e-06
-3.446894737777732450e-05
-1.661994275071306131e-05
-8.818756766393705737e-05
-7.394610483592917468e-06
9.201005503836245296e-05
-2.697996709120705316e-05
-2.066332081609004753e-04
-1.634811611020604188e-04
-9.046092349121147833e-05
3.189585265050166049e-04
2.883127940239982854e-04
2.126277453889114104e-04
-4.486178921117625054e-04
-7.441521635188770275e-04
2.061109342368177796e-04
1.535401506276459598e-03
-8.707922451954550926e-04
-1.332117439506437387e-03
2.388877085000634323e-03
-1.760882377324947875e-05
5.075578451501803687e-05
5.166184814143167829e-05
-2.998792343455444548e-05
-1.339828894352786281e-05
-1.241612729963270104e-05
6.945564098025458293e-05
-2.714144187052771712e-06
-1.251932739193487331e-05
-2.528507830737733935e-05
-1.339542152217069505e-04
3.583287166572268236e-04
2.900931467423840883e-04
-1.810925950408022152e-04
-4.552991701845762118e-06
2.995388045619208476e-04
-4.991219769762187232e-04
-2.333550666819441018e-03
9.055266508109165819e-04
-1.889280380724253031e-03
1.874100391061599570e-04
-6.115120409888612132e-04
2.856112277810231084e-06
-2.048067033328272312e-04
-1.475002370782233527e-04
-3.705994988016174217e-05
1.312647492132930544e-07
-4.509350613143898903e-05
-3.496672611170430250e-05
5.846082893733636743e-05
-6.619071191978904618e-07
-2.099300582263372014e-05
-2.312185650741362130e-04
1.401364074118367851e-05
-1.564245835206860673e-04
-2.204905425086849460e-04
-1.780507104839612056e-04
-3.277027931025942062e-04
2.374164521992903876e-04
1.006214746426697970e-04
-2.793371830272661392e-04
4.536779002250637509e-04
2.485235113130816157e-04
-3.591667369762343350e-04
1.016290819189952677e-04
-9.397190981263852923e-05
6.442604544570035722e-06
-1.992486499611519573e-05
2.403905099545416483e-05
-3.836875487979437763e-05
5.356845588081686049e-05
2.480395979381088176e-05
5.602785688666276503e-05
-1.610242278470251371e-05
5.352181167016740245e-05
1.321296775366118657e-04
-2.846722046313559422e-04
3.496927991947333669e-04
-4.127721470704627397e-04
-2.650621318034424457e-04
2.530412303003064592e-04
-2.796308373945752897e-04
2.414839226352343991e-04
4.414735063513061328e-05
2.280881242503979162e-05
-2.203116846030778595e-05
6.426329701836842347e-07
5.784604649308600072e-05
-4.888164723766647924e-06
1.119833118617592816e-05
-1.954957436920597011e-05
4.407092238704396540e-05
-1.151380711428371703e-05
3.839484822419584334e-05
-3.431062911998341208e-05
4.317564481156720423e-05
-9.440176528143554545e-05
1.746235607688739343e-04
-1.881974836846606839e-04
2.345196730762038576e-04
-4.039561653075039250e-04
4.798884803485408204e-04
-7.184685284253268175e-04
2.803454671667236515e-03
6.244834123922662818e-04
2.145987074791052486e-05
-3.367484569337835894e-06
-4.121830751781865458e-05
2.091307635102602002e-06
-1.437111321226007088e-05
3.661309392981386109e-05
9.129628590185386928e-05
-1.952804343912550972e-05
-1.726392373155397086e-04
-1.211828997788393873e-04
3.612863658865423738e-05
2.569989731890343315e-04
1.186596383423805991e-04
-5.484008102039617899e-05
-4.182518920049050162e-04
-1.082174664628022306e-03
5.614609305987349613e-04
2.325876271288542570e-03
6.200297776668139971e-04
-1.583364145515109810e-03
-1.701279962617478552e-03
-1.656623818654058672e-05
2.174939797083886133e-05
1.779912843769319663e-05
-5.119958127170052051e-05
-2.329544292356680537e-06
-4.889429603849728101e-05
4.786037891136096594e-05
3.807331725355105252e-05
-1.054453022022288624e-04
8.499796979866497079e-05
-9.162874859844952994e-05
1.285902128495225536e-04
5.625590287507956002e-05
-2.271069778844006829e-04
-1.855109936961508809e-05
1.979699581934158352e-05
-1.214507010104813096e-04
6.640786051887104724e-04
-5.175389852828224564e-04
4.256443577660019156e-04
-3.621015118583572890e-05
3.185655876438673066e-05
-3.017121211708808791e-04
1.620738499330161839e-04
-5.998297487583797673e-05
9.325297833286734601e-06
2.055471248856264194e-05
-9.003471348822369148e-06
-1.668518886771176697e-07
-1.165684313715570247e-05
1.142214796487602033e-05
-9.584319161244528483e-06
-2.984642733003622342e-05
-5.674135970074238811e-05
4.092742810703561021e-05
7.982382529925391597e-05
-1.386657156700692422e-04
3.919141925356702162e-05
-1.283368085989233287e-06
3.637590384112752165e-05
2.327260422090572341e-04
-3.048546456367351204e-04
9.396720547567661088e-05
1.604465788809382898e-04
3.085780730794754128e-04
-1.979232097338743063e-04
-9.964461881880523947e-06
1.130509166425426893e-05
-1.650144974892980430e-06
1.695837530086454609e-05
1.684774116850249839e-06
-2.539851117069691973e-05
3.448406621889891198e-06
6.475409065829448579e-06
-8.366371180245842120e-06
1.674854559091304754e-05
-1.814298475967734013e-05
1.229755515065471067e-05
-3.782154057495545435e-05
3.897090509537008587e-05
3.738024385329156795e-05
5.764265595104662107e-05
-7.068746116187540646e-05
3.095961503374542183e-05
-1.947093747119509401e-06
1.043535746808698557e-05
-4.829039855965892103e-06
-1.777424932879282603e-06
-8.364935147383899754e-06
4.611556558566281538e-06
1.951989195471155798e-05
-6.301612675128694236e-06
-7.141188251751461550e-07
3.746568580547059830e-06
-9.501450157074735395e-08
-5.652693433350664336e-06
1.414697362719734976e-05
-2.118518688594531567e-05
3.497024435379723889e-05
-4.064832427726165352e-05
3.486989214760703216e-05
-1.375131854273165910e-04
4.147503291981571492e-04
-6.785483972378075984e-04
-9.904917092576339885e-04
3.684227722677705342e-06
-1.429346089692199711e-05
-5.438782580381149834e-06
-1.015731686867710959e-05
3.925498400976439826e-05
1.191305408177721297e-05
1.034711397385806743e-05
-5.389783310963136033e-05
-1.737984422195797333e-05
-1.820387187779340035e-05
1.573336539417485500e-04
2.049458408149869277e-05
1.246340041708701072e-05
-5.239316209832725569e-04
1.565124206648381769e-05
7.405492588991136418e-05
8.860619728407246980e-04
-1.767302427747113013e-04
1.250281578269182923e-04
-5.696960348263300404e-04
-4.170822360080321165e-04
-7.448846757777356694e-06
4.694867648400490833e-06
-8.040031704226687951e-06
3.664905185540456906e-06
-7.849695590920689116e-06
-7.618362761857754370e-06
-7.950074981458222061e-06
-3.334960660738243700e-06
-1.030420646793058366e-05
-1.294365878852828964e-05
-2.527342565883118394e-05
-2.276124305752926058e-05
-8.284868440172412653e-05
3.655796787399421031e-05
-7.877258412832741075e-05
-1.629279066759520300e-04
4.484579930661451914e-04
4.479162467497495108e-04
-1.288074486530724726e-04
5.438834366508939330e-04
1.537151314739096210e-05
-8.973712597593999142e-05
3.382900845335182622e-05
-1.713683126224523561e-05
9.710899903456655946e-05
1.009678058003686616e-05
1.247523702453645736e-05
-1.113316960798293510e-05
-7.589363300068239501e-06
1.753897354004317948e-06
-1.248092828710923339e-05
2.670179686968169324e-06
-2.944149767636645293e-04
-1.450693805074655728e-04
-4.494323295996943690e-05
5.673723546726798040e-05
3.747746118745603642e-06
7.438050785766388458e-05
-5.002532677135298751e-05
5.222570744539494457e-05
-1.154063556337534701e-04
1.546633633429093956e-04
-1.395922906756570073e-04
6.044066721054162163e-05
-1.117194708805874031e-04
5.803772777509219832e-05
1.595689747639712146e-05
-3.166783823103701761e-05
1.048116438135897212e-06
-3.216479008507364470e-05
8.047063418491925044e-06
-1.490010634900939860e-05
7.318610134151060097e-06
-1.215157357196344471e-05
-8.316404169239300246e-06
7.588638281944894983e-05
-1.621315835414321180e-04
1.021097940344124885e-04
-2.314223964179201991e-04
1.068260915132121931e-05
-3.457640783966894682e-05
1.517408644523581903e-05
-4.936458821987087323e-05
-4.260394259514592354e-05
4.762947691788997357e-05
-4.497678510890363255e-06
4.210847444406447715e-05
-1.428885529073961045e-05
3.611276193437704427e-05
-1.914003886759753535e-05
1.224366142148032772e-05
-2.961401938878010311e-05
1.572431987071583245e-05
-2.013563432008738495e-05
1.433582504101052917e-05
1.319313819335430615e-05
-2.792214272999530794e-05
6.046753741200282039e-05
-8.038162754602092789e-05
6.879802271500332761e-05
-2.441781338313790358e-04
3.490271508976282864e-04
-4.767242997938289065e-04
1.869109464647783882e-03
-1.286643401796297263e-03
-7.932479802691800680e-06
1.027281946052805728e-05
2.025064797823485164e-05
1.365900747771260281e-05
2.263249943866038375e-05
2.163213139063038955e-06
-3.091027838883834945e-05
3.991610678259639163e-05
8.198141193169341352e-05
4.586268442027762300e-05
-2.495266081596886066e-05
-1.010151228120840508e-04
-4.849275760129913472e-05
-1.868608410236889607e-04
-1.724671165602614231e-05
1.267937858528544331e-04
4.093642530820123843e-04
-3.125693974387634406e-04
1.498730365128411648e-04
-6.384197170846517364e-04
-1.224119126455287343e-04
-8.750942190732234028e-06
7.585193885893576110e-05
2.211341011809349081e-05
-5.704084453308119015e-07
-2.692375390382350047e-05
-1.012543569513993499e-05
1.954084844377831248e-04
8.923169104379742101e-05
-4.051900833350544485e-05
-1.103063725865298226e-04
-7.543437384114517054e-05
4.072872711345907910e-04
6.000502424904229402e-05
4.112315716555210363e-05
-1.201165114843277517e-04
2.804639419175265075e-04
-4.348842853191144369e-04
4.472847835635392435e-04
-4.720269078221321483e-04
-2.311490199547960541e-04
3.756882701319578979e-05
-7.042066916334496763e-05
1.546708790527483526e-04
-9.511741853363698176e-06
5.625150119149117559e-05
-2.467336920216168487e-06
4.225476155664586746e-06
-4.525333268271553343e-06
-2.129842342233753810e-05
1.331333183854171966e-05
-2.943890656896392308e-05
6.807770314730743748e-06
-3.188519290070561927e-05
-6.884921687035705843e-05
2.979355887706823473e-05
1.956155238976222007e-04
-1.696984209445463374e-04
1.858048012954092553e-04
-1.033522997851470197e-04
-1.372022526623108786e-05
5.164510037195523819e-05
-1.124740538238585587e-04
1.144341546943980205e-04
-1.518063873471725827e-04
-1.345959221528535532e-06
1.112411071063326643e-05
-1.492914501767310581e-05
1.806984865485878540e-05
-5.242056706903425687e-07
1.398740234753731815e-05
7.349423245408454356e-06
-3.032459269518622318e-06
7.573144655148612203e-06
-1.670136976598176561e-06
2.887747592637094727e-06
-3.864286809978080704e-07
-1.644511907183523265e-05
2.327208541510933549e-05
-1.473357455781206127e-05
1.720713748384943565e-05
-9.571265810956792086e-05
3.017297675271662984e-05
2.176263526095366954e-05
-3.408655689538292995e-06
-2.220922106331948110e-06
7.594273155051593198e-06
3.880354477061231247e-06
-1.188419495305554702e-05
4.103369855062540664e-06
1.836855830986224741e-05
-1.505547908649739791e-05
2.237876440995260788e-05
-2.199432630314940377e-05
1.408713415338996284e-05
-2.334769770761205958e-06
-1.133736681014714038e-05
3.736238919616678261e-05
-3.463838601260834830e-05
1.037329746221451034e-04
-1.107735730293488299e-04
8.029815849674782670e-05
-6.115759684181777331e-04
1.732949140678727252e-03
-1.006192980292879794e-03
1.281636094670154762e-02
7.945714290174914806e-06
-1.289073249629609331e-05
-2.056567117902778188e-05
-1.736746879004001873e-05
-2.372719215552111080e-05
8.022929924259351753e-06
2.639282855505756213e-05
-8.150437441217548242e-05
-1.005332967116044450e-04
-5.012558444400045049e-05
3.193636786769179397e-05
1.365013698362112162e-04
1.110144230061396693e-04
1.263558891216469459e-04
-1.762798809820165290e-04
-6.322116824497356477e-04
5.290574907260887656e-04
1.695686485688993866e-03
4.212123179250918704e-04
5.122373975377726880e-03
-9.773655807987038403e-04
8.485040551408094866e-06
4.412017188967674527e-05
-1.339978739833693810e-05
1.910344099827545743e-05
-3.987270381540439495e-05
-1.336206255947455165e-05
1.733746088944687917e-04
5.124939526458880383e-05
-4.813147203482805164e-05
-8.063232987098489411e-05
-8.341052927078879611e-06
2.893316211908647365e-04
-1.123931392408888854e-04
5.541880495249612809e-05
-3.483582947229631036e-04
2.342560492025869796e-04
-2.934604312033442975e-04
-7.338518306409178829e-05
5.139781580665905283e-04
6.530920678073763325e-04
4.950351724535620299e-05
-1.405180290094302327e-04
-1.400026915347878402e-03
4.231618527582985145e-04
-1.603228010618555242e-03
-7.601763257323036998e-05
7.981305567015465661e-06
-8.077960965036535407e-05
-5.780467587632641348e-05
2.828326016431710862e-05
-6.570055549723426873e-05
5.669916769630610134e-05
8.151990408882214779e-05
2.900583391567824519e-05
1.242642145287969229e-04
3.746718928973670785e-04
-2.088909445141915095e-04
3.952425000377862100e-04
-2.352053876306712090e-04
-5.533534740691872122e-05
2.530204689658190997e-04
-5.407602871168913986e-04
-8.390343252497257020e-04
9.831524146520942854e-04
-4.195340002823342673e-04
1.890118413783740126e-05
-3.322303896199356922e-06
2.453291235201647152e-06
-1.019553587979852958e-05
9.253816340492436798e-06
2.259918876246021680e-05
-4.847653913080334492e-06
2.663772691387515491e-05
-2.839900100875369221e-05
5.788311987416944017e-06
-7.488465191975237319e-06
-1.565176150929787539e-04
3.307896570198214765e-04
-4.027597713826175960e-04
1.777050490923471921e-04
1.064702892378786858e-04
1.661924908416540349e-04
-3.084767182121202211e-04
-4.896488455371426603e-05
-3.911840869554732349e-06
-3.130044546131548742e-05
6.680571275550642062e-07
6.285329480234785662e-06
1.250252859208159310e-06
3.673399551379632561e-05
-2.727447690579476921e-05
3.834910273029760471e-05
-6.941164771262797490e-05
8.912849052416131282e-06
2.234691763099994619e-05
4.623375495622296692e-06
-9.954288282661607465e-06
2.075083799820607761e-05
-2.776159799872894557e-05
2.211292195081264412e-05
-7.936316814366937663e-05
1.270527761655354916e-04
-2.365869094678271669e-04
7.549759866932774987e-04
9.672556425470577512e-04
-1.813510179048852895e-06
1.669325781648488929e-06
7.789833846366142381e-06
-1.371327835867388852e-05
-5.476909062891971510e-06
-2.868066128207599628e-05
-1.033747026465587820e-05
4.658066585243730177e-07
3.067531143857767247e-05
1.202144539167663175e-05
2.392474349068205531e-05
-5.006383141549262348e-05
2.849255692558114007e-05
-1.819878150608848506e-04
1.200361699609996206e-04
6.801259841054888152e-05
1.030308799078564564e-03
-1.141713140666652680e-04
-3.977353254523873969e-04
-1.855490560496845772e-03
7.796001580184276376e-04
6.291189623327912028e-06
1.331037478826231773e-05
-7.200969539690265679e-06
2.313325293917742602e-05
4.809595265591022060e-06
8.364595900015470509e-06
-2.150981768790400668e-05
4.107972852836974094e-06
5.673400132601145361e-05
8.515078226106791636e-05
1.104107967380571670e-05
6.941981266205790764e-05
-6.671768273033719507e-05
1.167359942920506434e-04
7.757389978119918168e-06
5.434387076819415408e-05
-2.557086774742294379e-04
3.500246856466564162e-04
-2.328073683400805186e-04
2.041719758636135031e-04
-3.916931263726533140e-04
8.981962025528108726e-04
-1.037605547727054857e-04
1.175477811306869933e-04
-2.306028490799866032e-04
-1.129671594940386608e-05
1.302895042042076980e-05
-1.442790484371159604e-05
-1.710058395013346934e-05
-1.073499285030326133e-05
-5.870789069528423860e-06
4.637767483585136056e-06
-1.066589722665929203e-05
-9.290505916159217563e-05
1.059866495041310725e-04
1.664113222865040422e-06
-3.463631195902007698e-05
7.150053932428573810e-07
-2.270831775080508547e-05
2.625985885038214758e-04
2.302098608415075517e-05
2.544421515215670093e-04
8.135636382344497498e-05
8.657544196956175526e-05
1.503486297476229906e-04
-8.109683605213599360e-05
-4.572292516467289228e-06
2.893174915161897484e-06
-9.362222197734418926e-06
6.986012709920267362e-06
-1.689210042515904714e-05
-2.067999125649633234e-06
-2.288291876490864760e-05
1.761747154570541063e-05
-6.367641489267431883e-06
5.454830256466673138e-06
9.046559235290164221e-06
1.620186645960493762e-05
1.815027404495526763e-05
7.657928943215742303e-06
1.929898050810975030e-05
-1.255292164978479571e-06
-6.627999178873170784e-06
-2.720883871342544982e-05
-8.263243045301781861e-06
-1.036093087556968859e-05
4.262781611497898221e-06
-4.412631086062977862e-07
1.466442602112710322e-05
-1.148295507081326923e-05
5.178417377627456681e-06
-2.359128880810127616e-05
2.066229453353487569e-07
-1.469539199962072039e-05
9.576569115574892077e-06
2.310666088343619218e-06
-4.975944075938290562e-06
9.768963422659401240e-06
-1.238263288893298362e-05
1.584821146826523972e-05
-2.056915950021660197e-05
4.838102236578659408e-05
-7.089354313631874400e-05
-2.540994077948977112e-04
-3.788414288707251071e-04
7.421380543576972841e-07
-4.941148261187590537e-07
-3.580531530150608373e-07
5.966671833994468750e-07
5.551220610403455249e-07
1.673052940518208921e-06
4.705538243543108222e-06
-4.381776744678048650e-06
-5.451832752045861811e-07
-6.329916398960141209e-06
1.370904808543243763e-05
3.648503464425706642e-06
1.310142171294610915e-05
-1.259049062744450931e-05
-2.379477021781242432e-05
-7.279089395254198221e-05
-4.069757803707331066e-04
8.495528910410618984e-05
-4.652270484456071955e-04
-1.153737922718281938e-03
1.072722219102151698e-03
-9.914912884543991956e-07
-4.328543769461616009e-06
4.165558397624573588e-09
3.538323167572267783e-07
5.598413141217773620e-06
-6.763973153162623841e-06
9.145958740990057018e-06
-5.607586540486984001e-06
6.566695731633691637e-06
-7.447132953326123593e-06
8.806601986549596371e-06
-3.987322468050686139e-05
1.592753562090619101e-05
3.860151544671018967e-06
6.215188089266994638e-05
-2.974251930115677465e-05
3.765800093216347620e-05
-5.933313680002121055e-05
-5.118528353057306050e-06
-1.639272304562435433e-04
-4.632432434644049912e-05
6.628692582066105649e-05
1.800666912110188351e-04
-8.666287303958614859e-06
2.575900614232925915e-04
1.483505002329427125e-05
3.152659602378675079e-06
3.120049605978898652e-06
6.940624547839904620e-06
-4.225210362981969435e-06
5.071288403542938393e-06
-6.764878328000765261e-06
-6.905829164453358476e-05
-8.939539078321915937e-06
-2.980340089622562569e-05
-5.603373387839275188e-05
1.566978841920731969e-05
-6.175867220120520801e-05
4.664086536353561783e-05
3.975156721224094099e-05
-5.429532146121182417e-05
6.588474438821704973e-05
3.397719609409810944e-05
-1.027684203969000064e-04
5.859941290763101368e-06
8.447860209277085667e-06
5.175913221916085046e-06
-6.633581193239921413e-06
-9.558632846794193534e-07
-6.741973924175171343e-06
-4.901887432908206267e-06
7.288431376482653626e-06
-6.759844161912755563e-06
8.379740385546883289e-06
-2.260266029476292288e-07
3.676820631431075903e-06
9.240530283806203135e-06
6.535441754651057249e-06
2.715698395802747502e-05
5.576379265984500282e-05
-3.633342468451734262e-05
8.666391612808035938e-05
-2.168411584905551183e-05
1.009585114210360588e-04
8.695875570830333839e-06
4.446537950513215919e-06
2.051218642077744513e-06
5.476518894788592893e-06
-9.620917704400516912e-07
4.871771894372869405e-06
1.548270649329733202e-06
6.851412482839564150e-06
5.097093185481046478e-08
7.152596179587667793e-06
-9.294647775210769855e-06
-2.216443244318189437e-06
5.185284258845025057e-06
-8.548667492832962266e-06
1.218319641684319018e-05
-1.722853145033334795e-05
1.241204902190118860e-05
-5.208823675867093667e-05
1.716558935821737187e-04
-3.622209266429645747e-04
4.496013341989821212e-04
5.766955087331154133e-07
3.655663516370117189e-06
-2.610300547245216879e-07
-6.789688339622421332e-07
-8.320096157222643145e-06
8.660506188998172557e-07
2.809069922271367203e-06
1.417207810538641548e-05
-1.542140862621082270e-06
-5.192986985824758300e-06
-3.246376585983170660e-05
6.746953752621406981e-06
8.414566904873097938e-06
7.246913448939553185e-05
-1.244531566637273257e-05
2.558989021556508042e-05
-3.106147466782610144e-05
-1.051569195115673050e-04
-4.030794469541863160e-05
-1.835298729764390591e-03
3.048430445935636863e-05
6.894978559144837437e-07
-2.227289771970793458e-06
-2.712463496916557842e-06
2.937958698409121116e-06
7.036801799741822535e-06
-3.952588881655167143e-06
6.706420087265364821e-06
-5.602214828617193435e-06
6.866252412408243171e-06
8.806864774237268992e-06
1.177794629451539237e-05
-3.366704111275729041e-05
-1.320292935221881487e-05
1.469957595272125687e-05
3.787727491418342850e-05
-4.475869809278201387e-05
9.624584642302525396e-05
-1.655542272206336871e-04
1.230150118586640078e-04
-3.737047308191193175e-05
-2.314301368525505033e-04
4.604683112376372353e-04
2.463524603466875365e-05
-4.260232060617573894e-05
-6.495422721448609231e-05
-2.521727445170870963e-06
-9.997232183234895932e-07
1.776152364401019099e-06
-3.362005778772003356e-06
6.670114610371716329e-06
-1.104375289529393266e-06
-6.340500372329108383e-08
1.848625720439020745e-05
5.246071542227050008e-05
-5.780539269516996731e-05
-1.675754327268499842e-06
-2.065622629738822114e-05
3.282770310044957776e-06
-5.228789258423202535e-08
1.258979516567261645e-04
8.747004781859962633e-05
2.503685309842221189e-05
1.339773470459252225e-04
-1.090432016787136661e-04
1.468199202661365610e-04
-7.147396113234124801e-05
1.811699506621212757e-06
-2.073854567758580898e-06
-2.367757185477504686e-06
-3.531291166317075593e-08
7.190120238391137820e-08
2.114178354464643372e-06
2.741160067769352185e-06
-2.170266532924305153e-06
1.058829021429676582e-06
1.487280497310371693e-05
-2.017806825582243058e-05
-2.546550491349020327e-05
-2.091594924888539323e-05
-1.455698353431818148e-05
4.109810107525753718e-05
-2.425505283499201437e-05
4.528858745355512133e-06
-1.184365340769533937e-05
-3.118757772265867364e-06
-6.450709698782205439e-06
1.152518476819405807e-07
5.130737975712384424e-06
7.606530467933130690e-07
-4.543812818298630075e-06
4.981448604927167624e-08
-2.774254796260870250e-06
5.451748484374612124e-06
-9.399582801338938481e-07
-7.502703694768007978e-07
-2.127591908682317539e-07
5.240567752277046874e-07
-8.385151495196986521e-07
1.388412768644617125e-06
-2.281506357722315571e-06
2.293266584943934407e-06
-1.731335217125013767e-05
8.490202487122181646e-05
-3.162809175364859177e-04
-1.281854555830899342e-03
6.056906875479753358e-07
4.552565218992678753e-07
1.500165766257770456e-07
-1.031536838954675167e-06
-1.000487253533336223e-06
-1.651254230092064710e-07
2.288159888702692750e-06
1.318517998822458425e-06
3.568152593544149392e-07
-2.992109478239360059e-06
-1.624872991449518970e-06
-3.652155600231084599e-07
-3.877601472382024763e-06
3.690256251435972799e-06
1.464131165645905527e-05
6.844446461992285480e-05
-8.246932748313300435e-05
-1.724877512118560164e-04
1.896235856118966322e-04
-6.922870297824298665e-04
-4.763036171861005901e-04
1.248864822332085298e-06
-1.532502403123894106e-06
-2.339736753759193764e-07
2.134755657640067072e-06
3.194305302494591880e-06
-3.768199102608215083e-06
3.178905623382000351e-06
-1.615612189792368510e-06
-2.176750369014855603e-06
-4.977641342090479887e-06
2.446716084067747089e-06
-2.426806465184099063e-06
4.550672906176712333e-06
9.022963295583592353e-06
2.390052408739911085e-05
6.157768381331800542e-05
-1.635533855863861548e-04
-1.556313441744431106e-05
1.223137114568264180e-05
8.010017086648869489e-06
2.276753555542518982e-05
-7.766253964549521722e-05
7.869630635987179062e-05
-3.683735348094804385e-05
1.165951861104478715e-04
2.198961882626366931e-06
2.089493197557717258e-06
-1.251132184860980869e-06
-2.174927855364883221e-06
3.983888634831569668e-06
7.881121403375653818e-08
2.148429610683831711e-07
-2.203302728961173375e-07
-2.584516005022538957e-05
3.199224777457446617e-05
4.045027486883528072e-05
-2.237663229687500497e-05
4.052594358957729175e-05
-2.209911689035547766e-05
-8.548345831396406215e-06
-5.567071988311319395e-06
-1.419303511338646142e-05
-3.670285251463552040e-05
1.547290996517139728e-05
-4.476209732325398466e-05
2.636584694384829818e-05
-3.400952543631408359e-07
6.760354797471403090e-08
2.450645008342798139e-06
-1.796142945474987361e-06
1.379547285945525925e-06
1.667941167485929769e-06
2.523812628443140900e-06
-2.152456618027149635e-06
1.464596117722145478e-06
1.807692443060152552e-06
-6.408482722940984713e-07
3.305417743248091536e-06
6.454403301315480382e-06
-1.151760268864359519e-05
6.843831319700382129e-06
-1.666842584637437871e-05
1.644097741538394196e-05
-1.426426974264763683e-06
-6.133196099254499869e-07
1.759832819410783674e-06
-2.318483986553948165e-06
-9.569710062280926008e-07
-2.117998515214943186e-06
2.892360030652937991e-06
-1.176202180367626835e-06
3.785700146114396800e-06
-1.791768977041131448e-06
2.705383012604700808e-06
-8.290162114336278909e-07
-1.002267017506848441e-06
2.405671652285641723e-06
-3.861726687981694825e-06
5.885597914643735595e-06
-1.019601777416419540e-05
6.832359628874783114e-06
-3.194398717786732598e-05
4.776907299225312736e-05
1.344915532429572078e-04
-9.731938765883646307e-05
-2.482286043402104772e-07
6.984095246073876186e-07
1.626266553355627742e-06
-6.350623607098532167e-07
-1.735150659378760078e-06
-4.219071237772085494e-06
-2.111864884148431242e-06
2.744784076659962975e-06
5.669435874974536597e-06
3.166934814298682018e-06
-6.205686535736990352e-06
-1.354724950738662373e-05
-6.788692910618466842e-06
1.434526194675245529e-05
3.668030106787424546e-05
4.885195123818337961e-05
1.060278377168476689e-05
-1.108798341156335852e-04
8.202408381530625731e-06
1.079646770119630091e-04
-4.686839780713448876e-05
1.331165395629780007e-06
1.376919775992972014e-06
3.433822577258311912e-07
1.741268740842271202e-06
2.445816189331848993e-06
2.103475202288007612e-06
-2.137334756019753373e-06
-8.284872885035052633e-06
1.548258092030852925e-05
1.440113892091066355e-05
-7.489626347001378767e-07
1.967719120744127644e-05
9.176852489917687451e-06
3.323996432953167486e-06
1.405068623496177863e-05
3.855900773138589278e-05
-8.988317575198191711e-05
-7.998484766002990787e-05
4.923299903545040070e-05
-3.932899051664494252e-05
-2.238002224223168641e-05
5.876316703083894814e-05
3.698086358768496549e-06
-1.083243266069010922e-05
2.164205178484645895e-06
-4.660971919829193824e-06
-1.331827260258482369e-06
-1.458465809757628885e-06
-2.993963724758792191e-07
-1.003640502229680581e-06
-4.092726446888542234e-08
1.284199919555551541e-07
-4.300966137443643639e-07
1.532565917589045641e-05
-2.291971932652568064e-05
-5.356041056531816315e-06
2.261408032279224476e-05
7.326803350350093505e-06
-7.713728477223709244e-06
1.830611055807643405e-05
-1.768760197671492739e-05
3.058592996482596422e-05
6.317354558236695287e-06
-1.462656134812891486e-05
5.512190506876505886e-06
-1.466967812490178407e-06
-8.532341101199978119e-08
1.024513224684597229e-06
-2.303520481877131542e-06
2.326724371193625054e-06
6.755019640315322419e-07
-8.967617360967575681e-07
5.467363764472879441e-07
-7.546369339357632266e-07
-5.671645229864615550e-07
-2.185715282228931246e-06
-2.867036676685530752e-06
1.784537299170161118e-05
-1.280981026243689526e-05
-2.995101086250382690e-05
2.917698974633994247e-05
-3.520223181080855799e-05
2.280325333836147702e-05
-3.238796983382495917e-06
-3.571238164049138134e-07
1.144664769688617903e-06
-1.385036980000525978e-06
2.613458057090395194e-06
-1.527576192170229722e-06
-2.929543993746348568e-06
4.985275198900164327e-06
-7.281274106090083591e-06
2.846205208318535847e-06
-4.128613116654248556e-06
2.485236383403330719e-06
-3.725963663514299764e-06
9.627333576088353118e-06
-1.341625271228787026e-05
1.903333286442419764e-05
-2.336539831988364879e-05
2.726695240650817777e-05
-3.383249042332521126e-05
6.114479424091031365e-05
-7.567105549718945951e-05
3.967154980824358227e-04
-4.076330734713572467e-07
2.063925091713204613e-06
-1.197202565870448154e-06
-1.621220972307486181e-06
-6.101359716442873424e-06
2.424753192834031933e-06
-1.122623907793328161e-06
8.870894584721770220e-06
-4.967936659907995184e-06
1.711316082296698412e-06
-1.382353049928484582e-05
7.057530432916499012e-06
5.263627941032053758e-06
3.297151834641342622e-05
-6.052603334153539861e-06
1.641720537844215029e-05
-1.117108646697647972e-04
-2.415301373074494543e-05
-9.750331005240253971e-05
3.106136685666991836e-04
2.804598166463239078e-04
5.285013851825476132e-07
7.577774441838991040e-07
-4.091717596665402848e-06
1.594663529835627970e-06
1.644077235846938997e-07
4.737982045473997287e-06
-1.116820590215229789e-06
5.155087961406989850e-06
-1.627503873159481324e-06
5.045020108273408334e-06
-5.535020592455886047e-08
6.797730367939672820e-06
-1.817891516744132808e-05
7.654261593571568985e-06
-2.334566955365235675e-06
2.172179525354639274e-05
-3.977206299160650357e-05
2.985211786241650370e-05
-4.969139800865164483e-06
1.658587154519786976e-05
-1.652244633786588985e-05
3.135756098794955981e-05
7.894761005045748518e-05
-1.834523144699017565e-05
6.212268157246940144e-05
-2.533592471930123473e-07
-6.952159577311192405e-08
9.845473122277131365e-08
-1.413980522076886452e-06
1.771099262567031112e-06
-7.657147328907284175e-07
6.786182898498118623e-07
4.600959084131871905e-06
5.702649894501353064e-06
-1.902839461745389537e-06
3.275505411066623015e-06
-1.218037154549699097e-06
5.187764028422505190e-06
-4.353314502802665132e-06
-2.770264714716473746e-05
-7.122136049058140946e-06
-1.250622128403580528e-05
-1.430282521259134807e-06
-2.745725288427121516e-06
-2.197186212415484853e-05
1.684212736998926644e-05
-8.376270675740239234e-07
-4.929933499512628609e-08
1.133402257141307389e-06
3.392032807233727610e-07
1.897244347615805294e-07
6.870059849212679198e-07
1.491098347318622710e-06
-8.224226910790635336e-07
2.873311052823797083e-06
4.067389852459174595e-07
2.416853575140081400e-06
-1.879490970429208140e-06
2.378687237440817925e-06
8.366708776990186963e-07
-2.356815367880132433e-06
-4.077045542710749923e-06
1.613178009333243964e-06
-8.114979925154916545e-06
8.959068123613615231e-07
1.128215812824645048e-06
-5.892182819944604505e-08
-2.542520155679711672e-08
-2.097123251019599034e-07
1.061965608103160701e-06
4.194825804652004837e-07
1.229916419973048393e-06
3.123254515661804403e-07
1.102878809568260171e-06
-1.071653970395402119e-06
2.563327093351658865e-06
2.437411213594116604e-06
-7.350088136175969714e-07
6.356637980258332565e-05
3.891201301484383061e-06
5.654507639580919865e-06
-8.407337145357449937e-06
-9.284975108263517833e-06
-1.137390835237243644e-05
2.416992792175484738e-05
-4.961121899070721061e-05
-4.738695877431120182e-05
5.027497648204743618e-05
-4.923375132243576978e-07
-7.743842311106415861e-07
5.215815175854974505e-06
-4.479190892216202436e-06
4.353131883656353567e-06
4.819936544378985209e-06
-5.334134584904117441e-06
-2.254298348267111098e-05
1.862435464948562777e-05
-1.657709384978515221e-05
2.190253608790541223e-05
-1.805739965449974427e-05
-2.351573060898618021e-05
1.469590763248272400e-05
-2.208140663227091286e-05
-1.909921268932154874e-06
1.322005801810133630e-06
-2.627562875089583215e-06
-5.005159943065823028e-08
1.126900460003021089e-06
-1.709182474938986629e-08
-2.325648482026695218e-06
1.006480761315131413e-05
-1.173362385433416308e-05
1.698606560044754556e-05
2.063398898298417371e-06
-9.191209004899340864e-06
1.563926002107304309e-06
6.582832659595014270e-06
-1.617185856806096579e-06
-1.177664914232302343e-06
3.460557749407271546e-06
-1.255127182397170558e-06
1.667466007678368315e-06
3.434900335458409232e-07
2.052946262916026920e-06
-1.809020936987540985e-06
1.157396706424060735e-06
1.524130287628643937e-07
1.246967683642594963e-05
1.084028968720000981e-04
-3.062021472595864762e-05
9.717909458761211526e-06
3.229590195189455511e-06
6.803001120835792565e-06
-4.170832314819007908e-05
1.031697678604941498e-05
-3.087223686445248215e-05
1.631693988881240313e-05
-4.017451961426594026e-05
-2.793755826926610906e-05
-3.155200411977662572e-06
-3.220136184791928540e-07
2.304677920660271275e-07
-1.661097869139357742e-06
-1.937011104474275492e-07
-7.566087614711506442e-07
-5.150475989593945540e-06
1.750379977548801862e-06
1.629829710333056695e-05
9.773736505885438145e-06
1.019461113765580238e-05
-3.299587244777227297e-06
2.625458088045547783e-05
-9.621921948795396695e-06
3.163335012609022335e-05
-1.120991969249790999e-06
1.821149155339330111e-07
-3.060597223333898437e-06
2.979855317252048691e-06
-3.028670111213108414e-06
2.327379683376189395e-06
4.916124409219064912e-06
1.083915652114245279e-05
3.018319472757969003e-06
1.089609165312152790e-05
-3.319932534957794189e-06
3.586784819822490801e-06
-9.325850811596307294e-06
-1.562099996120252493e-05
-5.289245857383294179e-06
-3.075929260092397217e-06
-9.189892780177750662e-07
-2.570128321513260485e-08
-2.248936600236790993e-06
-1.403411508790629668e-06
-2.378231959163088512e-06
2.214489357015615869e-06
-4.000868030656383048e-07
-2.460035754129050605e-06
6.742902717045084458e-07
1.231777314799168972e-04
5.356541512826925005e-05
-9.503494423002231440e-06
2.260334934632061143e-06
-6.538142268505694487e-06
4.951389448808588733e-05
7.413144582067892607e-06
2.692747999620350471e-05
3.280849293601094028e-05
-2.503157485053881143e-05
-4.283719294751618309e-05
1.622159371431112675e-06
9.314478985300870796e-07
3.142647710584508477e-06
1.075868146297995518e-06
-3.229794606649189553e-07
2.489090422172743693e-06
-1.009301230459911607e-06
-1.037596245290218751e-05
8.838365903428367887e-06
1.481110871013722357e-05
-1.037320332517032154e-05
-9.993467723554588076e-06
1.746389555013443847e-05
-1.865941256186531843e-05
1.772410134907461172e-05
1.002740503434740947e-06
1.867648486942660253e-06
4.339313002317490872e-07
-2.149837633081993400e-06
-4.617314840836070090e-06
1.705206844798684777e-06
-1.946706304567655573e-06
1.711643379135761774e-06
-3.994386021047009734e-06
9.801137706773954590e-07
4.728205356664268913e-06
1.037175248057645160e-05
3.390572080539222584e-06
9.956420318433579532e-06
1.605582086664059806e-06
8.983346787271056288e-07
1.226918922288730329e-06
1.550188271741933855e-06
-1.321668448883768009e-06
1.576391856761626779e-06
2.277483710321575841e-06
4.135639549952312418e-06
8.492114329829977747e-08
-8.004941865301219250e-06
-7.969787622077522686e-06
2.736095629713953745e-04
9.237939813305896884e-05
1.728606762317357436e-05
3.948926874155818948e-05
-7.215973238503066144e-06
-6.925996917505778945e-05
-1.791157940011017737e-04
4.280807775688764006e-05
2.110886797926586546e-06
-4.369809267922306409e-04
1.233149056968159581e-04
2.709287655061716355e-06
-1.062804723954788429e-05
4.521126274747598078e-06
1.082234422985403362e-05
1.208006188505737916e-05
1.329949778194264665e-05
-4.388634197555120898e-06
-2.599634835242590816e-05
-2.844055420265156629e-05
-4.889396078006850147e-05
7.157969636163074471e-06
-3.546683233344205305e-05
-6.680536760228627927e-05
-2.205047867963781189e-05
-1.449701575947421770e-04
-1.294659713854205138e-05
-5.585158157905498606e-06
-4.966263835894058937e-06
-1.665012565134558270e-06
-1.003433917184046729e-05
-2.482228427909574073e-06
1.934840719381559220e-06
4.937391063765449090e-06
1.820095641009394945e-05
-8.228802022865253283e-06
7.376742411879255598e-06
1.173759016326991389e-05
1.446508539491720959e-05
-2.349276206595481251e-05
2.296055610720469921e-05
-7.882544951282006518e-06
7.117351152120770460e-07
-9.583491918335377115e-06
-7.937362812440586525e-06
-1.060394293586381629e-06
-1.490886640200763302e-05
-5.557111560033225844e-06
-1.612898858949016534e-05
-1.604564449189302671e-05
5.390869915507138182e-05
5.598455781872447223e-04
1.404423800434492688e-03
2.211169168441198867e-05
-1.037842011166372001e-04
-6.221256564217201050e-05
-1.153097559911268671e-04
3.140400490503658421e-04
2.706415595518593957e-04
-2.374133565187703555e-04
1.679920603912348192e-04
2.071600823160122578e-04
-8.218394366764528606e-06
2.133224787794935241e-05
-3.153744135291883835e-05
2.885259383542774516e-05
-3.458942792760751717e-05
-8.329245079309026292e-05
6.930992331820010511e-05
2.190375499671559872e-04
-1.820011842860558651e-04
1.937984835503221964e-04
-5.342479149390945084e-05
7.894985536654378197e-05
1.077756479363984236e-05
7.090889240090418317e-06
6.211103669828589178e-05
-2.254656523313446800e-05
-3.443218099873895103e-05
2.034963738130466327e-06
2.992176826337623863e-06
-2.321911344606966934e-05
7.076931829503307089e-06
-1.104987339700393259e-05
5.974828560767349555e-05
8.601547941046945836e-06
2.829251714739046547e-06
7.913522434492155345e-05
-6.468108917232613891e-05
1.059601560134983394e-04
-5.401813812795220850e-05
-2.268187199221008248e-05
8.620986912266885769e-06
-2.939742020973139484e-07
-4.381736658098630747e-06
2.258881561289430832e-05
-2.605767201262568979e-05
5.146207598733501174e-05
-1.521394211810184283e-05
3.605517190995231706e-05
-2.288512775943266365e-05
5.949323682426385868e-04
-1.628468274030545537e-03
2.170603515434401493e-04
2.084545247934954575e-06
1.158569241049229513e-04
2.288034121037978957e-05
-7.957856000449611996e-05
-2.210295008569387149e-04
1.989103113083674559e-05
-5.014013115626096478e-04
-1.329063496128634985e-04
6.020755365827046854e-04
-3.026324687066565204e-05
5.305787510900251237e-05
9.689469644349029814e-06
-2.372694577624631615e-06
2.285707838207934138e-06
1.081613400424046039e-04
-2.519134961532979561e-04
2.318767209546723865e-05
1.503612199921750259e-05
1.112944003630523577e-04
-1.921401849147695996e-04
2.900033283585023297e-04
-4.723929965135867089e-05
6.430755544851649280e-05
-1.168282084305907395e-04
4.160992007195112990e-05
-5.048609099825273336e-05
5.379348197839480173e-05
6.439410108189426587e-06
-2.937097302092841211e-05
2.624606230786655103e-05
4.371657242556367357e-06
2.555621851920967554e-05
5.516635909134537006e-05
-3.682027381524347883e-05
8.857257237702074440e-05
2.618606800835338711e-06
9.422559447194027470e-05
-7.656267878338676063e-05
-3.097587078833693243e-05
6.461929729915473540e-05
-5.494574168974389284e-05
6.540123292382824828e-05
-2.032465974903869583e-05
8.893683316396576921e-07
-2.723145361994159112e-05
2.308120029016357919e-05
-5.030578960926532234e-05
8.694878134482046336e-05
3.402906027134730256e-04
8.543548744748750935e-04
-3.113783058505122065e-05
3.240122702978375239e-06
4.016954097921850847e-05
1.257313704273763807e-05
7.139785886189037409e-05
-5.687265362861543895e-05
-1.899990980240284235e-04
-9.945405572977374195e-05
6.103488840239355346e-05
2.087140907737145348e-04
2.577925364874017659e-05
-2.718657061162623782e-05
-3.768281629736502504e-06
-1.636764264560186202e-05
-3.232136808261734502e-06
-8.036514031670372515e-05
7.269440742114619653e-05
7.146876887651032570e-05
-1.115699586068435676e-05
4.411590728505163323e-05
2.778367721431165835e-05
-2.422538614512933621e-05
-9.985823094323632789e-05
1.153859721808287266e-04
-3.019056445123525085e-05
5.669315708777213604e-06
4.855664458598942479e-06
4.571031310292308758e-06
-6.261968302612765588e-06
1.401062168992299440e-05
-7.205169628649355368e-06
7.968995578686864214e-06
-1.806405517567626190e-05
1.805357740216658450e-05
-8.287440509268411123e-06
-1.709574874582586027e-05
-2.278805524290039564e-05
-8.158468705199730566e-06
1.249693967746090237e-05
1.991407576823418156e-06
-2.069949234413108931e-06
-5.611127577891867597e-07
-8.766311710810468813e-06
3.389661914904124279e-06
3.560004464945699900e-06
-6.429891272180534639e-07
-4.979489727519497203e-06
6.688400549807589557e-06
1.277886302951830610e-04
5.185795235659204595e-04
-1.593886317572052293e-03
-2.957618324730619096e-04
1.540446305070096642e-05
-1.486874375074241368e-04
-6.118249207524156796e-05
4.122726363261328359e-07
5.272274157157505730e-04
6.251059042899768155e-05
-2.758454503688494383e-05
4.501274761234439837e-04
-4.458153407303086188e-05
-1.790315778376836881e-05
4.368609264507319418e-05
5.174474651383542597e-05
-8.967982295467049082e-06
4.891082798915255992e-05
5.987432645315720047e-05
-1.531342639909775440e-04
-4.892229248252047934e-05
2.595520894003514079e-06
-1.220048638191274910e-05
4.490020572207500244e-05
-8.404166794841095472e-05
-4.417622715266228579e-05
1.505332087132411414e-05
1.009281875194933685e-05
-4.396881521904038160e-05
-3.509222109560973161e-05
-6.899540185255308167e-07
1.229635574755491268e-05
2.677983645981930536e-05
2.963639606608144353e-05
-1.773575659631055804e-05
1.085487907561941991e-04
6.211628344108333425e-05
4.982945784499964492e-05
-7.495477125674668761e-05
-6.437605230707424673e-06
-1.142005841026009469e-04
6.052650848947323432e-05
-1.224614101251226230e-05
2.174462464983228704e-05
-4.252877174940619045e-06
1.005060527128663693e-05
6.118458237749643607e-06
-3.528686560563149157e-06
1.484124051791868410e-05
1.271116894296247141e-05
2.856312312112002338e-05
1.581984744149356797e-05
5.704163301744165837e-05
-2.019135064140330932e-04
-1.622605145624687059e-04
2.726928025322937673e-06
2.435669309645202891e-05
3.032520419627690203e-06
6.536529017179138708e-06
-1.135898887061269043e-04
-3.344502295690682481e-05
4.455867309672268913e-05
-3.006932051500807771e-04
-3.366137584106058663e-05
-7.415588739008938431e-06
1.740867596974059081e-05
-4.459721744276247032e-06
3.277616778876052987e-06
-2.487078358638667851e-06
4.534241738282065499e-05
-1.062957215320056633e-04
1.084836720038281040e-05
-3.997041659093615397e-06
1.278031144902031246e-05
3.864251355276505858e-05
-9.200282571789842527e-05
1.352031110102699525e-05
-1.634990271643488286e-05
-3.779762782335178913e-05
4.569197672075045681e-06
4.791044226559415792e-06
-1.272021315361042907e-06
1.578043531770251063e-07
9.444414662464273774e-06
8.562028414290572413e-06
-5.219310616184065891e-06
-2.347552577866539867e-05
1.816651783740092849e-05
-4.342054853861673834e-05
5.754842384028893941e-06
-2.160399678543598379e-05
-1.335657348852971123e-05
8.404578290730024438e-06
5.336319850443981485e-06
-8.363213958727948427e-06
1.227803241214946178e-06
-1.012385718263068005e-05
4.859191321784638341e-07
-1.372680229495069546e-06
-1.020124742030812466e-06
1.797552913777886608e-06
2.054738810175480622e-06
3.075705183408008042e-06
-2.010971066602305229e-05
9.208518396470948366e-05
-8.342051635196164668e-05
-2.222949065411577895e-06
7.799052359085624953e-06
5.655986383637153410e-06
8.222806865115203350e-06
-3.296328964611050467e-05
-2.369900269371048016e-05
8.665153659607153927e-05
1.044620747264589518e-04
-1.432907699911148598e-04
-4.690948003699169386e-07
-1.659110719806871885e-06
-2.860691101849062649e-06
2.853237572394227747e-06
-5.337417639221793946e-06
-1.987679457217545865e-07
7.889770751638388964e-06
1.514086855153633376e-05
-1.430526809743516642e-05
1.659477897356425924e-05
1.929169710072192655e-05
-4.494264444735231211e-05
4.516223940735536219e-05
-6.069711545731112278e-05
-7.682054451888211186e-06
-2.494643458866868447e-06
2.300803509278954187e-06
-3.125495300281617570e-06
3.092165387762310517e-07
-7.103522667140331340e-06
-8.266163265795288118e-07
1.680674296031947747e-06
3.865095454520312309e-06
-7.409236531780176419e-06
7.475928566117372867e-06
-6.268171568651501071e-06
2.180742537945154526e-05
-7.557570313507435052e-06
1.147306331813172805e-06
-3.019956521841422443e-07
-4.667834439704090107e-07
9.490591217919439267e-07
1.249214700195053639e-07
1.051948007844632472e-06
-9.421961697187567220e-07
3.376877194631921181e-06
-3.590853767542496971e-06
2.564734534288793025e-07
7.476186779394849379e-07
-7.128902671217786251e-06
-1.622228975774678289e-05
3.201210419359086642e-05
2.155300144591120183e-06
-4.148877744870512641e-06
-3.627242985938247115e-06
-5.786807762292026688e-06
9.476390307728923637e-06
1.073462892088809835e-05
1.881082677225054015e-05
1.316295900490552561e-05
-4.874435678955239023e-05
-9.293344612337307018e-07
2.031670153206596424e-06
9.901726919465855758e-07
-7.219439531850394403e-07
2.256997034820352880e-06
1.329576392134897262e-06
-2.414206752376404541e-06
-7.294261731852338731e-06
3.596758019820234402e-06
-1.167142714067366855e-05
2.646734633276709314e-06
-7.051333405086187814e-06
8.477283942469083998e-06
-9.030404737391457655e-06
-6.528406230694250207e-06
1.318320729581323648e-06
2.614963676837599440e-07
-3.623758217988850280e-07
1.428177215719338472e-06
-8.811414295181461042e-07
7.979944142946229257e-07
-1.853435986415200360e-08
-8.049213553861806348e-06
1.779212875586619717e-06
-4.662880389597600144e-06
-3.419275476494697738e-06
5.414869795522448484e-07
-1.910433237330108781e-06
-2.476892794142137704e-07
-2.417237521335888763e-07
-1.483671955076158739e-07
-1.361900687019902617e-06
-7.854113575869711105e-07
1.839965070561004414e-06
-1.232600107231893286e-08
2.370794847860461671e-06
-1.658595264381531659e-06
1.593620782097395107e-06
8.204081276780038772e-07
2.377803812661239428e-06
2.013648529435391540e-05
-4.221839347330132608e-05
-1.877376067846205310e-06
-1.140670400196559638e-06
4.828625932798449963e-06
4.550155281310782274e-06
5.696785166684177318e-06
-1.333619995368077186e-05
2.368305561257570184e-05
2.550095223954138571e-05
-4.497372486639629496e-05
-1.226675796685017693e-06
3.228913269722466455e-06
3.106300082284649970e-06
-3.247724723313010703e-06
4.942591348958071313e-08
4.127783767982375876e-06
-1.099569812690291320e-05
-1.066949899527547453e-05
1.135895013787671030e-05
5.005576312471541153e-07
-1.153570250326523028e-08
6.200800074466621817e-07
-1.441338459461752487e-05
1.115609853555346328e-05
-8.169599105271310716e-06
3.541796979032578016e-07
-2.041578791940718500e-07
4.312211999081095031e-07
2.865134788879675676e-07
-9.144351969969733350e-08
6.098264930816225688e-07
-4.083699688012856371e-07
1.920482113628313255e-06
4.392251294611042787e-06
-3.537276696278755320e-06
1.198919019538053255e-06
4.044431039244031274e-06
2.251602189405278972e-06
-1.365553044595980666e-06
-1.352795602350356251e-06
1.782459571651046113e-06
5.723560554211223956e-07
1.963230619150671392e-06
1.319040056552056293e-06
6.091942662304224565e-08
5.697456080608350504e-07
-1.738303630650536319e-06
-1.284700080765686902e-06
