-1.267021884223104327e-06
3.100626892087164501e-06
-5.686034584355912604e-06
1.005970576770571637e-05
-1.599642698858394952e-05
2.641877844578757701e-05
-1.323853041047189734e-04
3.080009587737995080e-04
3.368790426573837538e-04
-1.555040948417720165e-03
1.608093990605585269e-06
-1.160087429307737391e-06
-3.002161630487237248e-06
-3.710688692964093704e-06
2.748265406978467569e-06
6.767620992832891870e-06
6.031827570150487533e-06
-5.503304378677910006e-06
-1.129927500316922662e-05
-1.418567960371040505e-05
1.740372559792450715e-05
2.569475049264949006e-05
2.430523562013468911e-05
-7.250918001426040840e-05
-4.818950589240111307e-05
3.238106710819551340e-05
1.952703773367758312e-04
-2.441539202934622709e-05
-1.819833137442370069e-04
3.756397919216986677e-04
3.486861046608889119e-04
2.095531172147931804e-07
3.063554498541493543e-07
-1.391371652026272853e-06
1.674618835035026988e-06
-1.242056976681704327e-06
-2.302419323825719559e-06
8.498135379706405480e-07
2.481710777213458144e-06
-4.890136938470480999e-07
4.036025172659432328e-06
1.933034866392956556e-05
-3.205518597755304349e-05
-1.081686844289381142e-05
1.367611910757086990e-05
-1.819915640648029035e-06
-1.353967518046307324e-04
2.014191528668054132e-04
1.352051738652680255e-04
-1.656484375984563150e-04
8.202785080668746457e-05
5.371969701716457901e-05
-1.037547374603276775e-04
-8.524506168464981073e-06
2.770049628711972295e-05
3.349567601896674094e-05
-4.760988925627928588e-06
-1.261054444626496237e-05
2.747782399305473935e-06
-2.019752414936217138e-06
6.940338521781907697e-06
-6.322575975505016314e-06
-1.358750667451976885e-06
7.591037321608521684e-05
1.848862992826714449e-04
-2.230853482398189219e-05
-8.984430697945496058e-06
-9.076200783216370591e-05
5.470110701419155891e-05
5.447262395745832911e-05
1.510325678649564196e-04
1.276561260432633905e-04
3.798479499934928448e-05
2.282309477071486399e-05
-5.475756535075564205e-05
9.400648118734880382e-05
4.184693432444203890e-05
-4.638196699596767645e-06
3.167585082935810316e-06
-8.986784754096878170e-06
-2.775111609669286034e-06
1.898167731245302092e-05
1.749019630147891061e-05
-2.653397638705404365e-06
-4.660124835415041120e-06
1.669642261391252437e-05
-3.155221791158546951e-05
1.542247183904460746e-05
-3.247717169746841835e-05
2.689680512261435159e-05
2.550830477995418417e-05
7.120820935094654468e-05
-4.460598922994693044e-05
4.508161152929325918e-05
2.167967857536004324e-05
-1.016674576825062647e-05
6.777602691997917297e-06
-1.727636079328405489e-05
3.994073263652232000e-06
-1.217217013041128274e-05
-7.271901269593768446e-06
6.750550546956955135e-06
-6.828774972274536089e-06
1.786577801086777569e-05
-8.425441478059585962e-06
-9.602739776028322089e-06
2.158404007807614091e-05
-5.875428156862267265e-05
1.115113836138868417e-04
-2.849333417321504077e-04
4.245890485484625558e-05
-6.448560015954961627e-04
7.796001690709433111e-04
2.237910487683004296e-03
1.665608279820014010e-03
-9.703037617767017739e-04
1.269765911023475317e-06
-3.152029812246628503e-05
-1.015175521277911837e-05
-7.339191608569308651e-07
7.459024398044580720e-05
2.615316315433889420e-05
1.064569655106462213e-05
-1.365550600410783742e-04
-5.211167996941883405e-05
-6.862833035513853645e-06
1.983230764496465316e-04
6.037703305215040746e-05
4.613761634761569502e-05
-3.924183064202981072e-04
-1.825426446301564934e-04
-3.310630950238395301e-04
8.251351012940693307e-04
7.084134943457044220e-04
-3.228478829425349161e-04
1.083879898882915416e-03
6.533557699241974168e-04
-9.080046948209652110e-05
-3.390644959656178637e-05
-3.760693239322135932e-05
4.009261968053061723e-04
2.964171052172582914e-04
-2.188807819765959078e-04
-2.008120965097967645e-04
-9.364954221544587946e-05
1.187097843670815306e-03
9.374381694441156045e-04
-3.209292462877481335e-04
-4.021195982853950250e-05
-1.461564189469116010e-04
1.292329088392630502e-03
8.939939596883171406e-04
1.573446743936249184e-04
-5.943833775044980164e-04
1.431482877445610941e-04
3.713780694313072281e-04
7.338465458642623408e-04
1.321771112108041072e-04
-2.427859308546458062e-04
1.475994128218862445e-05
8.647004021499657921e-05
1.529675284388926884e-04
4.707547578237959165e-05
1.516918625674380131e-05
-7.265034256008497083e-06
3.762495091459106488e-05
1.074783442428434897e-04
2.984021307896980146e-05
-3.916548769740421198e-05
1.055294149433422176e-04
1.168220376155424496e-04
-3.107246296874579530e-05
2.800676289743195681e-05
2.402619893778494184e-04
1.550089348542186993e-05
-3.031279802772318175e-05
1.533547645036464468e-04
-2.702003637179371855e-05
1.325139287821528952e-04
-4.204642334605407806e-05
2.003113827958794945e-04
-9.611599843835899181e-05
8.284965699063154081e-05
1.625216085445530106e-05
-1.734844411162610327e-05
-1.941678236382931877e-05
-1.134558886977774271e-05
-1.966201310752211298e-05
-6.678042013765756845e-06
-1.077670313425376792e-05
2.327853126661734101e-05
5.213283901083422226e-06
-3.910441565889457202e-06
-5.504559302008031309e-06
-9.603296248217663210e-05
-2.091021824297089037e-05
3.028893377160039518e-05
-4.081178954682872039e-05
7.350109074611968420e-05
-8.047249490843321634e-06
9.779901667864615198e-05
-2.370075419562380007e-05
-1.989798003404599146e-05
-7.314662851315870927e-06
1.985681773774235879e-05
9.906865994950432016e-06
4.611467324827420184e-06
-7.974568439247268638e-06
-1.973485527571648167e-05
-3.754794967839767360e-05
-1.199571026409892683e-05
1.375038891545437665e-05
2.480547957367880874e-04
-5.817154866448007470e-04
9.852718102979012797e-04
-1.440689986458375477e-03
1.142189991116294339e-03
-1.644177113497883105e-03
8.536425126403235798e-04
1.968312430692864892e-03
5.647731378856826571e-03
3.074812609794337539e-03
8.072177114177634850e-06
8.906033291535818963e-07
-9.306012537717743089e-06
-9.550489963767541012e-06
-2.248340115887182383e-06
2.736634966452366265e-05
3.836962758915086612e-05
4.183267980733453169e-06
-3.280546540384725779e-05
-8.024869029793595392e-05
5.518327482077346177e-05
1.262705058513771119e-04
1.821331130212780589e-04
-6.287802591380757342e-06
-3.355311068333674258e-04
-6.554730778396001666e-04
-4.667440040735308486e-04
7.899144313910442649e-04
-2.372447647674355738e-03
-3.360971915217697992e-03
3.078882244157541640e-03
-9.930272720911087361e-05
-6.532106772114014469e-05
-5.344512399490780049e-05
5.231160763630956535e-04
3.921161559456156037e-04
-3.629159771442922963e-04
-2.368504906432668570e-04
-1.492033800789579047e-04
1.770456562385780636e-03
1.393679257947061812e-03
-6.009797229970790557e-04
-3.063856497160728277e-04
-2.855427662887811925e-04
2.912100768615749537e-03
2.189604060591350022e-03
-6.353985059601613720e-04
4.898393084382778994e-04
-2.019498305285717383e-04
1.432045133722956816e-03
7.628769349037283322e-04
4.738898278258253205e-04
-7.114050546717159626e-04
-5.334020900429808703e-04
5.092510925118768012e-04
-2.543277826801364607e-04
-2.182719305388163824e-04
-1.888651284871017651e-04
-3.201987223080890048e-05
-1.101270731064701551e-05
-1.668007779002566497e-04
-3.894785802710504620e-05
-4.939572621475863404e-05
-4.752082014143184591e-04
-3.339468210858053624e-04
1.291621405049872541e-05
-2.968637327835487046e-04
-2.174986643237746442e-04
-4.301536721492176993e-04
2.002713576809677374e-04
-1.952409126034251288e-04
2.171006566693420498e-04
-1.042216221930760496e-04
-1.166035712620323156e-04
-2.107114196371626200e-04
-8.704680227383493720e-05
1.315532695682068330e-04
8.426328161807127286e-05
-1.455104169310380181e-05
-1.011405505643615815e-04
-5.395997460818339900e-05
-7.667272448473844054e-06
-5.183954477734570114e-05
-5.604849817316724124e-06
-4.861483152828155289e-05
1.339475323330268652e-05
-1.048121410004239004e-04
3.605466630588632405e-04
-6.005748423780508721e-04
4.278126797972892775e-04
-2.037192704458425519e-04
-9.427732275693717612e-05
-1.798310984007227167e-04
3.089535259595744448e-04
-1.857101935950216417e-04
4.916018057210026510e-05
4.184814087213989772e-05
1.993510395527246508e-05
1.018869013139452206e-07
-5.005802568653352507e-06
-7.863266393207883186e-06
-7.173912823518082274e-06
3.964137066713206096e-05
1.497698690898197321e-05
3.577537303542105017e-05
3.396065830329175118e-06
5.641286758057398640e-05
-1.317096952678053871e-04
2.208574519818182951e-04
-3.164031113976351886e-04
3.526206195606280567e-04
-3.443730630626773990e-04
7.942657388819243398e-04
-1.769171920521829490e-03
2.702779813783725074e-03
1.058425664810596972e-03
8.989165909125571100e-06
3.862561912796118630e-06
-1.215969235621630726e-05
-2.043978922633389196e-05
-7.792194174357300470e-06
2.725172047707230693e-05
3.407367136321685480e-05
9.922816292434723050e-06
-4.587710591632179606e-05
-7.039866002849918039e-05
-2.618799119667133001e-06
9.340818644281413349e-05
1.365392449349034159e-04
-4.445076328471028786e-05
-1.634090706592612860e-04
-5.342843389254931354e-04
-1.812080759348506963e-05
6.882766547037445955e-04
-2.594188869407253965e-03
-1.367857842665438830e-03
3.605480929477491818e-03
-1.024762145004774855e-06
-3.444784247255553189e-07
9.683548696551316117e-06
1.910812939224434101e-06
1.590688246770722861e-05
2.103801838194694522e-06
8.055155614264197523e-07
-2.196522686342760418e-05
-6.063914828817881969e-06
-3.534107206351246456e-05
5.906247377130882371e-06
-2.012954685090519578e-05
-8.848909716887870292e-06
7.128545505720317477e-05
5.865732740179448868e-05
1.993874190853364958e-05
-1.651505157475426712e-05
4.766261648886703311e-04
-7.918755488735617709e-04
-1.177905770809564213e-04
7.275853971136774390e-04
-7.421345539965987920e-04
-6.222842656919522382e-04
1.470337003358782653e-04
-6.710988146597954241e-04
1.991428107944293019e-05
6.102073034660282300e-07
2.411370539084886879e-05
-8.441313924913005883e-06
2.138317836222061795e-05
-2.421554107062937912e-05
1.996557726734427032e-05
-1.816220271244717939e-04
1.489488061313937455e-04
-3.098508351594279659e-04
-1.069378131329355227e-05
-1.797084359723107781e-05
1.108894935390204310e-04
-8.328593332408664905e-05
1.554935298990232982e-04
-7.666433850876708830e-05
2.828305718421924415e-04
-1.302601797982034962e-04
1.696927672598599088e-04
-2.530422129022099481e-04
3.758156484154146154e-04
-2.659261755020971907e-05
2.494052756323304718e-05
1.053196779312690129e-05
1.844952647720109106e-05
5.461345730733455181e-05
1.016297246293871193e-04
-5.443785502865084835e-05
-2.840407717432612640e-06
1.074455488792821253e-05
1.410647150805996496e-04
-1.779221526622653518e-04
1.560484907207741767e-04
-1.928739660583524357e-04
4.998114773415398600e-05
-2.646948037158426822e-04
2.504151237938640829e-04
-2.395756264128996965e-04
1.395155575983323022e-04
-1.168383595595871841e-05
3.233936621324082678e-05
-4.103663129880413758e-05
2.953979602455047447e-05
-7.418853863793800586e-05
2.936937848469071456e-05
-1.491011704194345162e-05
4.997655230460208795e-05
-4.842044270521001588e-05
5.603617381933447190e-05
-5.854671251826914938e-05
1.468831556136245215e-04
-3.450588075722559500e-04
5.902419884695391059e-04
-8.733471304839364934e-04
5.260241393233303694e-04
-1.046311460980690108e-03
-4.496890510912829211e-04
4.871132412379556090e-03
2.575907361778808952e-04
-5.559432031108119121e-03
1.822215147309483703e-06
-1.235581659982461294e-05
-1.332608489197570797e-05
-3.391656458270519081e-05
3.312051859232000104e-05
1.048159925064014449e-05
-1.670241871604611933e-05
-4.882231198428345402e-05
-6.348676689351503597e-05
-4.855914583457440592e-06
1.564999513378936011e-04
6.030373382423948742e-05
7.683544787589257426e-05
-7.591269217047270229e-04
-8.931587145407263542e-05
1.221562085339730221e-04
3.985664839439750223e-03
1.101788570663020340e-03
3.829889521270615597e-03
5.385457936297011021e-03
-4.702155837529774229e-03
-1.354798855625097785e-04
-7.498734489334098370e-05
-3.217749566328209995e-05
4.960141761480597053e-04
4.291474594446207519e-04
-3.865816080106619364e-04
-2.775276366593751364e-04
-2.275358280693152752e-04
1.747620944136921498e-03
1.247577090060234374e-03
-8.295392689370393192e-04
-2.976193722241564973e-04
-2.716177738798037570e-04
2.899013701021898714e-03
2.301308563730920624e-03
-3.251806290566952432e-04
-9.645430790535624134e-04
1.438596928417352431e-03
1.266791319875010778e-03
3.761486374969460079e-03
-1.594333938045222523e-03
2.590297341184035970e-03
-9.142414237743906776e-04
1.607810472827942479e-03
-1.038779916865164177e-03
4.125294356150494782e-05
4.058154754709858018e-06
-3.212490690060843619e-05
4.453505575887700744e-05
1.130012589062511045e-04
5.753720547198697415e-05
-6.819158436594808506e-05
-3.760683408888181142e-04
1.389312718308576163e-04
-4.135578083953380269e-04
8.439184574914698441e-05
2.223736811658195300e-05
6.539606434708323970e-05
-2.033278195957169507e-04
1.952054045742891621e-04
-2.040011184495009000e-04
2.283888282240447353e-04
-6.448661068769924063e-04
1.091264538416623561e-03
-1.172155840155023705e-03
7.665615527129313262e-04
2.449133057815544261e-05
-1.567847455613493609e-05
4.494871901569479284e-05
1.293051126197233135e-05
-3.406410915435546718e-05
4.966231884656303007e-05
-8.322844460764743449e-05
3.008040798369667854e-05
-6.575093321648241523e-05
-3.139498801426742359e-05
9.191778514780520461e-05
-4.234897961051152586e-05
2.090391593471331740e-04
-2.954726818150142978e-04
7.186547269649343908e-06
-2.766409467532263068e-04
1.772660092414975479e-04
-2.937067888450909975e-04
1.568755751732702364e-06
-9.905170298229448440e-05
1.253143924371510128e-04
-8.717915823919475090e-05
5.401324584050522644e-05
3.773681840913500294e-05
-6.616629648477056190e-05
2.299840093859792365e-05
-1.087134118546233773e-04
2.297396447783026463e-05
6.993513744135629380e-06
3.391388779811134484e-05
-7.975324220276484985e-05
1.427780963639511415e-04
-2.213444909698142836e-04
2.851797232273921875e-04
-3.962294022536914061e-04
1.378328439952672011e-03
-3.040169667383327105e-03
2.601501440328552687e-03
-1.238438553912847052e-02
3.192013222498055050e-07
-3.412556376507781651e-05
-1.454377149041864954e-05
5.283821473991466879e-06
7.584028222694478238e-05
3.562031162012789640e-05
-4.915091322662060677e-06
-1.216199152755749241e-04
-3.502199477049595955e-05
2.377106426609322011e-05
3.031135674775142894e-04
1.149593731226852502e-04
-1.445886615936096513e-05
-8.639364432624971725e-04
-3.513780830533570071e-04
2.508514197402392167e-04
1.693229718668863007e-03
-1.276757598813409896e-05
6.902595398162081515e-05
1.452243250493965784e-02
2.728665889215175361e-03
-4.395811640523212117e-05
1.621634219376255170e-05
-1.127399974983503368e-05
1.138332936338650451e-04
1.064141771649887761e-04
9.540179285615879557e-05
-4.198894839604341237e-05
3.492685803035790247e-05
-2.270193808423731706e-04
-2.113249045709795473e-04
-3.366189941957730791e-04
2.364786421835217000e-04
-2.051820159958514211e-05
8.249309242866870954e-04
6.207448013690296251e-04
3.219042180346797042e-03
-3.678319806739492256e-03
-1.682464960119488956e-03
-5.903558822059625606e-04
-2.462700225126613924e-03
-2.080453366715467791e-03
4.185663658161348395e-03
-2.498466000189169828e-03
2.468017840938715665e-03
-3.206011908892058334e-03
-9.453601116740816186e-05
-2.714420161003765599e-04
1.484070694374710223e-04
-1.478829730018814089e-04
-2.984086385818473467e-04
-1.479127536763508372e-04
1.766333911825207438e-04
-4.689336846354643599e-04
-2.073071489586848770e-04
-2.899664564102353518e-04
1.306511199572103364e-04
-7.770524976560736581e-04
2.883059708104794084e-04
-3.011401976756625481e-04
-4.880748936341997501e-04
-7.845843482151617374e-04
5.423023388030276653e-05
-1.665821764277677117e-04
-9.186559353735391413e-04
-3.711402359785479551e-04
3.295167163804957984e-04
-2.860527579366039597e-04
1.064047613075277813e-04
5.373345891240788276e-04
7.608067037380596273e-05
2.841158837516693245e-04
4.081376919534810983e-04
-3.913629354015531691e-05
-2.308316460029137052e-04
-4.733784068178160541e-05
-7.565107043375132864e-04
3.386604471647586311e-04
1.932638408154108091e-04
5.687646050222747163e-04
2.224897863921058430e-04
-9.135400727849867896e-05
6.052462664085266801e-04
2.590007520651430245e-04
1.147168181171868338e-04
-5.087593676424765059e-05
1.202103820118483182e-04
-1.290732969763217850e-05
-4.358977255090970446e-05
-6.122331092649137448e-05
-1.236020956363256546e-04
1.295488369211607482e-05
-4.543570615203336004e-05
1.312204332459364212e-04
-6.785842872498337080e-05
3.010885654624070428e-05
1.967447277967669433e-04
-4.628949907591305428e-04
7.945028990051348659e-04
-1.185116378349193719e-03
7.554200595227335583e-04
-1.509183784641302331e-03
1.129786398029749244e-04
3.671223094583847199e-03
3.607184643016556058e-03
8.663041233793487839e-03
6.700051405595715975e-06
-1.367446047391922322e-05
1.137513435926461814e-06
1.241925789840477099e-05
2.492607410883684968e-05
1.729202148108664055e-05
4.556375097023006315e-05
-4.182409228638096164e-05
1.762737718163402207e-05
-6.362001401691827257e-05
1.137785724799812199e-05
4.996257057259840547e-05
1.241894641247716282e-04
3.490954270876756135e-04
-2.780511330528224741e-04
-8.650548447014236916e-04
-1.492825897865018587e-03
6.324607592963321341e-04
6.416304953989732107e-03
-5.103238957792473329e-03
-1.117910217376443145e-02
-1.591164850485721617e-04
-9.694450306460069037e-05
-3.127394578907698988e-05
6.637490273039321634e-04
4.686556263148156619e-04
-5.323906882002540442e-04
-3.857103899248755827e-04
-9.777592461575916529e-05
2.417036917624903157e-03
1.741384010726389512e-03
-9.979779026612642465e-04
-5.450964487899448907e-04
9.866511052865152003e-06
3.837813416566155517e-03
3.020859399725895050e-03
-8.085632604689176918e-05
-5.072975289572231612e-04
-2.240686066999388656e-03
4.025617699208453720e-03
-5.150460968758156528e-04
7.685110497517699119e-04
-2.246610773598534637e-03
2.520559832477379473e-03
-2.258137969973834230e-03
3.062893950523629116e-03
-9.911984197153620401e-05
7.320574937684492113e-05
-1.072781843012339135e-04
3.437641147815927140e-07
-1.308858997225382441e-04
4.449215182254364584e-05
-1.585471017991476486e-05
5.476825486300661603e-05
3.277591308632074948e-05
3.565303487258169712e-04
-4.585533484514562729e-04
-1.396572114166580599e-04
-5.348663069136099218e-04
5.554267788324390026e-04
8.463101428605213387e-04
-8.837963178374038092e-04
7.526233651650311414e-04
1.156367403869023669e-03
-4.206757223382074978e-04
1.267389409725580346e-03
-8.622051501373016822e-04
-4.767190126117694041e-05
8.302573663147685740e-05
-9.240420129413015951e-05
7.758963143361117317e-05
7.494396561758197296e-07
1.325208779756144163e-05
-3.467308328775781258e-05
6.140053133248131033e-05
1.661598276861141971e-06
2.282693932072722091e-04
-7.129700357607961789e-04
4.381683548427705742e-04
-7.625740230880886450e-04
9.036022012651829995e-05
2.704666024802913188e-04
3.899323915148622305e-05
-2.095862533919024199e-05
5.747957917260813031e-04
2.054003397940101544e-05
-2.562718551639308725e-05
-7.343566560701869747e-05
1.473224329005186073e-05
-4.654519992314957771e-05
9.028360323301737355e-05
-1.142986443402170690e-05
1.380165119898631859e-04
-4.497101793535608139e-05
9.113107313108843009e-05
-1.196877512878391855e-04
6.088368260928102293e-05
-1.424312768347664470e-04
2.400066360229897468e-04
-3.473336623300281333e-04
3.558067120635891511e-04
-3.923923185662033983e-04
6.868596651528459471e-04
-1.015765488989464008e-03
2.264539419103062026e-03
2.491762437761750257e-03
-8.981885886492969973e-06
1.828168386196714945e-05
2.326276461730157437e-05
2.195038011583086554e-05
-4.193343601714045625e-05
-4.994961490918352755e-05
-2.913426296995279572e-05
6.742321984436551224e-05
8.153675323539575487e-05
5.702752340053200963e-05
-1.902355714087086496e-04
-1.578451458731919884e-04
-6.708198176903757120e-05
3.401894514927619241e-04
1.943960614643446547e-04
3.653827959007461125e-04
-6.846363963235392765e-04
-7.758905889594289694e-04
1.897913731830816637e-03
-5.321066237480507645e-03
-3.875475788702189683e-03
-1.788902435854287676e-05
2.760664397890958819e-06
-1.082492848439923193e-05
6.407771054156402547e-05
3.142077247599296924e-05
7.225156375547875858e-06
-3.981104857247184573e-05
1.241888780507797905e-05
7.533876025984488167e-05
8.415545168793549095e-05
-1.679312674697332533e-04
7.293041555169004462e-05
3.221843771310399832e-05
3.266267459784483922e-04
2.950307057560934854e-04
6.128665154991191910e-04
-5.880579398649413104e-04
-7.923210473277924205e-04
3.864033579401283903e-04
-8.518113370261883770e-04
-1.150102375058299157e-03
1.235377724312871142e-03
1.541165007789839459e-03
-1.089246245676070727e-03
1.358435428662925319e-03
1.337818182595790976e-04
1.423600191269406038e-04
2.913684851128912768e-05
-6.448643263512927045e-06
1.238638916466764316e-04
-1.050512985187407742e-05
6.338555050952471574e-05
6.089414550580889715e-04
-2.266407465589122567e-05
2.388107119076506675e-04
5.241739045128940115e-04
-1.752016345940157283e-04
7.252231471145957793e-04
-3.421088772992877253e-04
-1.454519743332898852e-04
1.085198537758187264e-03
-6.289387575215096057e-04
-2.867292704813610487e-04
3.345715594396651447e-04
-1.952137716990353647e-04
2.038265101049725812e-04
3.160009145376649142e-05
4.371460560374742268e-05
6.795209292696030524e-05
1.783482991107236169e-05
-2.966266759172522924e-06
-4.690225818571547528e-05
-4.598760125292445752e-06
-1.108914474970425879e-04
-1.097473387187479331e-04
1.413166998052760380e-04
-2.668482981315411866e-04
8.538878206828468811e-05
-1.339619762311256826e-04
-2.403746642000482731e-04
3.307648841900238165e-04
-4.410408738555168838e-04
4.708298659887187512e-04
-5.796764512623693208e-05
-8.073134647584610121e-06
-5.970844129848468457e-05
4.716183446833756694e-05
-4.675307039259259085e-05
3.753040497986228908e-05
1.939230861012117688e-06
-3.508477407361613875e-06
-2.423016942942581836e-05
-9.826237322006866587e-06
-2.166942610878367303e-05
8.928704699096605754e-06
8.905995818039860127e-04
-2.315033176181743868e-03
3.892311360832862582e-03
-7.088779741101332993e-03
3.551178229308820516e-03
-1.429920675680658795e-02
1.323156462238569281e-02
3.134240131150366204e-02
4.343040441895602843e-02
-4.304046838468039531e-03
-9.574411457473050501e-05
-1.434465448173399599e-04
4.666783234777228181e-05
-6.331587612480817269e-05
3.680872076667663934e-04
-2.798156939169595277e-04
-3.777120322839527919e-04
-6.621939787875108334e-04
1.351009041298665192e-04
6.292383054056171999e-04
7.624174787398723318e-04
-6.679391778352199551e-04
-5.808768381062971042e-05
-2.801807010171606088e-03
1.399971931423706680e-03
-1.279201033519289116e-03
5.872289896295305490e-03
4.132316943290736781e-03
1.755183140737956449e-03
2.090245380987882512e-02
6.587153165094690628e-04
-8.228023699920584489e-04
-5.896271544424708678e-04
-9.589092928212183129e-04
5.301974007417825999e-03
4.399952959945975517e-03
-2.981043844162012488e-03
-1.405479850230185145e-03
-2.645467916314729259e-03
1.684527486867720344e-02
1.473098520966268331e-02
-3.175286389531422563e-03
-3.038070847428806301e-03
-4.531739197547326493e-03
2.329463131278163360e-02
1.874536913233701418e-02
-4.055423760390267085e-03
1.633425127972633123e-03
4.751025785696370569e-04
1.137194484493907198e-02
1.309682349742456210e-02
-2.287302833811611508e-03
2.224427402718812032e-03
3.289511678031267154e-03
8.434791524096293567e-04
5.102765069684902371e-03
1.365554485567217671e-03
1.114398996411165551e-03
-1.491169999425163756e-04
1.989295999586542961e-04
1.746283153923757154e-03
4.930555813570599872e-04
-2.573891852884554348e-04
3.688269152464358942e-03
2.884654307753721329e-03
2.449610459467856842e-04
4.187800350339945842e-04
1.277343953914658213e-03
1.259322083149621739e-03
3.001648771485175104e-04
-1.634970633602048291e-04
1.432854127168162617e-03
-1.235845859772057541e-03
-9.772902072577230716e-05
-8.949556721193073798e-04
1.436078671109085976e-04
3.080069765337399307e-04
-4.373295632954934476e-04
-4.253222385248697416e-05
3.379303672145552708e-04
4.369035970669728631e-05
1.291863927654490903e-04
3.378737316462485595e-04
2.005699946340301371e-04
4.123176144124358487e-04
4.972166171136238513e-04
-4.885111546622415224e-04
-3.226146814495391428e-04
3.864221708883262027e-04
-3.324074115232047858e-05
-3.427327009395228388e-04
5.845029321114857427e-04
-2.054882022770050502e-04
1.273826885730325060e-03
6.559442350885449783e-04
-3.866822964941690689e-04
-4.616217851140759693e-04
-2.168495922429041563e-04
-2.541957029936359953e-05
8.172773349644574996e-05
3.289341790662034530e-05
1.402495193424286321e-04
-2.018335740086086335e-04
5.881763669718572676e-05
-2.579458420643697143e-04
-1.721985433282519713e-04
6.595256818113002335e-04
-1.720245201860172045e-03
2.922625230555803491e-03
-5.445844963222770674e-03
2.529136673573222777e-03
-1.120071277213758459e-02
1.035198279138447967e-02
2.538234359921401687e-02
3.481470098280161490e-02
9.644731781367823012e-03
1.237856582514923573e-05
1.023995590060731271e-04
-5.344318837590277709e-05
-2.371774029301120825e-04
-2.142424466157225808e-04
1.431872173869810221e-05
2.880128951495151333e-05
4.637942624487323548e-04
-1.956527048960761503e-04
-3.372900983098894357e-04
-2.045804148495323539e-04
6.876141205398166468e-04
1.254398615996909182e-03
1.045677598976500408e-03
-6.930483471399899670e-04
1.707612099372222102e-03
-2.467477234979111728e-03
-2.957605280982200484e-03
-8.515394432040617823e-04
8.295401231911668245e-04
2.298812689761287487e-03
-7.817896674116660456e-04
-5.175258826791070141e-04
-8.126635003092834040e-04
4.274903041487864395e-03
3.596682379771639834e-03
-2.775510757913778742e-03
-1.400894572780819487e-03
-2.262606730578409740e-03
1.359152209422741751e-02
1.185933940689525706e-02
-3.185707217349799478e-03
-2.621091743644678260e-03
-3.796517074326518151e-03
1.869717541984380199e-02
1.551488178618534372e-02
-2.658817422715034802e-03
-1.783863939989251970e-04
-1.111585534759902596e-03
9.825568731325734148e-03
9.291256555612904117e-03
-3.621711440198224340e-04
-1.417054127340327955e-04
-1.483215482489083539e-04
9.059619519644022132e-04
1.524537083118356453e-03
-1.446104892092789970e-03
-1.253344047988129081e-03
1.027236698534863310e-04
-1.425590215041657729e-04
-1.698961378663146980e-03
-6.117883433293189047e-04
1.964337817231226295e-04
-4.309598358174643144e-03
-3.587241225516964171e-03
-3.932453926901316259e-04
-3.629645144251850294e-04
-2.030327077347601587e-03
-1.295312495205382195e-03
-4.341671328587548735e-04
-5.500058640246294076e-04
-2.138128643514346401e-03
8.057368994267919814e-04
8.421256554781180099e-05
6.169053667626358357e-04
-4.529395967419596334e-04
-3.408759568048583028e-04
-5.423908557884791603e-04
5.355151357427576764e-05
4.325159193471495305e-04
9.859540921872052841e-05
1.828520900224444451e-04
4.711832742764580635e-04
2.086161833258437731e-04
3.358013585238383224e-04
4.877567054406914274e-04
-6.316655849975417319e-04
-3.862760168509636171e-04
8.194992266798606546e-04
-5.931254062684829232e-05
-9.657015208153522327e-06
8.601225762679308917e-04
5.379066392002365194e-05
1.128467455077001441e-03
9.816123516130268681e-04
3.689826377796850336e-04
4.971285636367990188e-04
2.629064785898240549e-04
-6.080991377525910653e-05
-3.830929390983507703e-05
-7.923723310486710156e-05
-2.301460675452110711e-04
1.937639383768023497e-04
-2.297302920685143706e-05
2.254652066468600482e-04
2.566213799965049737e-04
1.234927207696971576e-04
-2.897447667553164482e-04
4.978259039967954146e-04
-7.396670320881697453e-04
7.284253480487610285e-04
-1.004358825312935081e-03
2.200963032613086068e-03
-4.870236388366923699e-03
9.366488144966033172e-03
3.193574461892341020e-03
1.386477262427483002e-06
-2.890472665568387854e-06
-1.486536384487216498e-05
1.490149158549363030e-05
5.593811453760593722e-06
4.385744071358014238e-05
3.654924071984291535e-05
-3.002372467812227953e-05
-8.399811495198795572e-05
-1.107943703309741148e-05
-9.895337262213946934e-05
1.765422796892717069e-04
1.853464933132695713e-04
8.898439108573263294e-05
-8.041633286935388498e-04
-2.050379261060557030e-03
4.213464539338876311e-05
4.305177235321817029e-03
-3.754492725958475090e-04
-5.254845707292039349e-03
8.872171899344976406e-04
-5.246712002856276333e-05
1.699531260702132938e-05
-9.571961385932838237e-05
2.134055241011013925e-04
1.800712975727413682e-04
2.012496838984135106e-05
-6.902781778311661680e-05
-9.364122924112242951e-05
2.312934740626903715e-04
4.851492408348140458e-04
-1.781523175205470438e-04
-1.975968944470683016e-04
-7.060958015522273779e-04
1.390211822699318313e-03
1.173477477576790641e-03
1.721040514446558448e-04
-1.572748429005595160e-04
-7.063429795679585345e-04
-1.194815891179252685e-03
-2.926312345346081516e-03
-1.616741615966533303e-03
3.289241585248054919e-03
-5.858806957751387786e-04
-4.205184232321962931e-04
-1.587813216417897693e-03
7.182429397347556274e-04
6.141385188896252446e-04
-2.930757355264571864e-04
8.900867024054131594e-05
7.158941662194086937e-04
4.255010129214541127e-04
-2.492037798730221509e-04
1.755812328809934833e-03
-2.581366118236815512e-05
1.229292976997443335e-03
-7.924685957216324539e-04
1.164501873769000590e-03
-8.653357319435493441e-04
5.384158718272633645e-04
7.853486518881165699e-04
7.606154822404872021e-04
-6.069562660813926716e-04
5.950225013316660233e-04
9.794551130628268484e-04
1.065562591048876875e-03
-6.299111601711221680e-04
-2.790121711891852007e-04
2.695531060569288226e-04
5.904418922695714141e-04
3.636428271924481095e-05
1.980043298502980596e-04
4.023537175793848977e-04
1.402185606273951018e-05
-1.943662431039954732e-04
-9.495008469615948653e-05
-6.244960414968016467e-04
5.785986905785201959e-04
8.815326844616366223e-05
6.431373362169372178e-04
-9.781768025348550120e-05
-3.844499370812769191e-04
2.037735462270888172e-04
5.033340249304057512e-04
4.899594183204134543e-04
-9.344175611319087285e-05
-9.098996216838242223e-05
-9.465215002274393044e-05
1.678542807685950012e-04
-4.000934435787946734e-05
1.179988809613470211e-04
1.574492387574419480e-04
-5.955770890098827097e-05
-5.263219971007188498e-05
8.490357891333856223e-06
-3.310415293873322300e-06
2.088839695896720723e-04
-5.494028213927363213e-04
9.710257988222942629e-04
-1.936232372567415040e-03
6.657023659958462639e-04
-4.185887300614304397e-03
3.523375923729600654e-03
1.149543047232628491e-02
1.144084907798489752e-02
1.700354223025226166e-02
-4.962554071059468655e-05
9.058088345974019562e-05
1.803597888207368851e-06
-1.581321301678409257e-04
-2.204068278263915327e-04
-1.292344184872179318e-04
-2.230291036270180675e-04
3.908584071889081380e-04
2.531247265590462348e-05
2.095994000254407339e-04
-8.030960627865266254e-04
-1.257654757717113748e-04
4.014428085241631577e-04
1.908298428491406531e-03
9.818133560692012506e-04
2.133024616047303305e-03
-4.164658769456429897e-03
-3.258263011845074358e-03
4.192092317443930211e-03
-1.098444285360766423e-02
-1.059604955284105393e-02
2.479555080574959492e-05
2.653156988167782511e-05
-5.996535180334475320e-04
1.534232464589013051e-03
1.697396429044114577e-03
1.262033577392587054e-04
2.639550670931749044e-05
-1.916699550391169930e-03
4.954152196256329625e-03
5.638380663019441560e-03
1.307384646858919866e-04
6.574522562529996612e-05
-2.895955725874558781e-03
6.938781270213884890e-03
7.427807027642010888e-03
-1.785053631802917750e-04
7.779348614574240406e-04
5.680207586214472632e-04
2.933320703342604321e-03
6.324014547045877545e-03
-7.903972201664502583e-04
1.408252742197886077e-03
2.941403713770873989e-03
-1.482915807114772600e-03
2.522279952144235084e-03
1.637135073648526417e-04
9.475317519226212455e-05
-2.742860757633106263e-05
-2.617424529344684707e-05
-2.920518570594728570e-04
-1.245574385484129098e-04
1.553275277353541946e-04
5.057865061931360578e-04
3.250401896399237917e-04
-1.054957618298037691e-04
-1.307828579304795298e-04
4.218899566664232161e-04
2.360703757019533885e-04
-2.023249600941773199e-04
7.383959342211152696e-04
-3.974666354902458404e-04
5.269846666197522183e-04
2.650446836631765589e-04
2.682830815352107859e-04
7.846766330473897840e-04
-2.895241629547469606e-04
2.547825790323986358e-05
-2.881227395194147235e-05
-1.141401716139591290e-04
3.704281704736574053e-05
2.652406320254714941e-06
-1.632001998522170333e-04
1.750325948036307068e-05
6.832703672449821008e-05
4.259798423414897406e-05
1.301525405167817202e-04
-1.890654792580380065e-05
-4.654019752463732940e-04
2.234737380286227462e-04
-3.052067576717096926e-04
-1.548414869421414113e-04
-3.754887756602492402e-04
4.623489907297513970e-04
-1.686983746583627954e-04
8.397753295185536606e-06
9.730141025588366318e-06
-4.304355432902582485e-05
1.464668210960470200e-04
-6.847759189778019392e-05
3.648448040668226779e-05
8.001933543914573294e-05
1.006217723058354448e-05
-7.731523414432646667e-06
2.535130699507298705e-05
-2.660424262999858632e-05
-2.774240464578734967e-05
6.618992101822862887e-05
-1.019017022608851306e-04
1.468809914918987858e-04
-2.463457220674222120e-04
9.993447872875078290e-05
-7.393592250455837105e-04
2.298490393724688090e-03
-1.534798618558647640e-03
-8.148614439660778475e-03
7.145217645965290559e-07
-5.178670301463379343e-05
2.357695658570572341e-05
4.104403194141987519e-05
1.175707055827988944e-04
-4.270690711786724532e-05
2.987814981643606245e-05
-2.103746484091902340e-04
1.000206461564244085e-04
3.737529310688513803e-05
4.970782273520405956e-04
-1.927916233286069015e-04
-3.392733835160125291e-04
-1.357568499958330998e-03
5.466577562050035444e-04
7.433053879228383688e-04
3.569873099593399383e-03
-2.419089061146043659e-03
-5.664973154567510064e-03
9.229704550116703959e-03
1.381503176443287309e-02
-2.438749773862795457e-05
5.281651270837344142e-05
-5.699439937269072404e-05
6.759210989739165550e-05
1.096481264987830243e-04
4.206244648737177165e-05
-1.435522184700602092e-04
-2.149208488758323472e-04
1.933110521286040791e-04
4.336971959000273519e-04
-2.421814386110875583e-04
4.874734860476128968e-04
-2.583455720103926593e-04
3.706838150642934168e-04
6.511843661221466701e-04
9.042122157403071790e-04
-2.000398675705556632e-03
-1.221950925702030297e-03
8.005004725034242955e-04
8.415293115061966370e-04
2.502920157336860178e-03
-5.498717823791451909e-03
5.744636765946862345e-05
3.644500746754833622e-05
5.444109877740398087e-04
1.128253466841432849e-04
7.447556345297430872e-05
-2.765457234877440618e-05
2.167527095711144181e-05
-1.065236321238358021e-04
-9.938360701775768064e-05
8.192365494550515946e-05
-1.788475986151161256e-04
-4.692862761153139550e-04
5.368956598453686812e-04
-9.207933091287561671e-05
2.324076833587110477e-04
1.611512343391620643e-04
-1.833625760896105965e-04
-4.746930682089551298e-04
5.142853633157801977e-04
-6.293591724533308205e-04
-5.132845220080438061e-04
-6.151243212899368360e-05
-1.108395205458120869e-03
6.127877368088984530e-04
-1.455337553491249573e-05
3.677587011379290587e-05
-3.800180438529616870e-05
9.839202307501195585e-05
-3.210159855699824664e-05
-2.078949712302447799e-05
-2.364972187547891472e-05
7.482545023745896673e-06
-4.094256065936751287e-05
-4.282467155928700270e-05
-4.408816980946762999e-05
2.816332644143307545e-04
-2.301619559815858520e-04
4.114477059185804326e-04
1.750727202660600586e-04
5.196537575552055439e-04
-2.496713967439326580e-04
2.476841844889674199e-04
-4.204217827666348003e-05
9.731152674475129576e-05
-1.171176134206155828e-04
2.424726869418102033e-05
-1.118833717546309709e-04
-1.928756574895521816e-05
3.026153796969500309e-05
-3.924995056650460877e-05
2.211171256288330716e-05
-2.115368703388888514e-05
1.644256285977140812e-05
-2.135111493501486382e-05
5.024440748843267423e-05
-7.994257253424167015e-05
1.125032784212397344e-04
-1.455164824290486076e-04
8.276575058322355617e-05
-3.389933289328754562e-04
1.210847507286229221e-03
-3.437606057905286095e-04
-3.005882487129895534e-03
6.562744031391408869e-06
1.018097841806331389e-05
-2.232121450735536172e-05
-2.768631601536319895e-05
-2.273411233491877135e-05
4.347767682992447396e-05
1.717548818428462048e-05
3.174805661673915771e-05
-9.240168853326028537e-05
-6.536739410678315046e-05
-9.129886893867352661e-06
1.747141348306121915e-04
2.186137826240760486e-04
-2.620475023084266851e-04
-4.384725404081395422e-04
-3.247690366070263095e-04
1.075450957564945669e-03
1.077256346780717383e-03
-7.958800660694949575e-05
1.101272040535254680e-06
-5.614748738339909095e-04
-5.489441223560203499e-06
1.575920448575702119e-05
-2.692660965921711851e-05
5.021729050206997418e-05
5.588818420261008538e-05
3.863818192345251065e-05
-3.035629951539116600e-05
5.660550613721187523e-06
7.331666478668793867e-05
5.615468373750291328e-05
5.420783224957129410e-06
5.248436746920176128e-08
-3.930633122807416309e-05
2.588697580326300516e-04
3.393863949161508397e-04
-6.257112240782395111e-04
1.813432404356098322e-03
-7.899902978927308451e-04
8.001017447330837978e-04
5.315942608911106521e-06
1.298230917738183560e-04
-7.446011752147318650e-05
-6.141409714236173260e-04
3.689465331853339792e-04
-3.720065876749580969e-04
-3.297267364596687822e-05
-5.691213486558334130e-05
3.003197184182863837e-05
-5.212668484478957854e-07
1.041899870332387397e-04
9.359077378117524584e-05
-7.081352955017183458e-05
-2.536124253274363674e-04
-2.036173993149302552e-04
1.245367945411492790e-04
1.482088419726555382e-04
-9.315464916734174491e-05
9.210663558207296314e-05
-9.889370329755810686e-05
3.192516472498819970e-04
-3.637382632744997008e-04
6.556127999856031221e-04
-3.396862992620869131e-04
1.028930256994220206e-04
-1.846626102114290902e-04
1.424875780038742346e-04
6.263189077906100469e-05
-8.332659566990366948e-05
-5.344334346671211956e-05
-5.064669036099131709e-05
8.142748276323660798e-06
2.488357370223499211e-05
4.669327021552252773e-06
-4.777278918960962728e-05
-1.205977405153149891e-05
5.883927690113463423e-05
-7.598753502683241090e-05
-2.080784155813439915e-04
6.809713551648489700e-05
-4.604426291705109183e-04
3.462051768508306207e-04
-5.147321593424766632e-04
3.001739433564950665e-04
-2.029679612371671437e-04
-3.289901143012380634e-05
2.721325018059522625e-05
-4.499097154812880042e-05
1.284382990386056209e-05
-3.890873479620895992e-05
5.099790538466696403e-05
-3.498449076826579108e-05
5.650276692732985207e-05
-4.365647380661052653e-05
5.444006200766233980e-06
2.123617723715588156e-05
1.075815555606270490e-05
-2.921004248257763286e-05
5.595003142557793780e-05
-1.277481850195283006e-04
2.954523038525838915e-05
-3.243136207118902628e-04
3.315632210274726882e-04
4.468708006960573991e-04
2.254512636837675658e-03
5.224225641472582393e-04
-3.036888651610059501e-06
-1.779269822403042398e-05
-2.052465439144530006e-06
-1.547974476372650191e-05
4.226478418900360997e-05
-5.581595736087918469e-06
-1.039454961246630618e-05
-7.443867473677313526e-05
-1.410151065448077368e-05
-8.354129283275604838e-06
1.433806416631184719e-04
4.040022800306168849e-05
1.453707787894695442e-04
-3.139421006775013263e-04
-1.528429547648762208e-04
-4.433737779492965062e-04
7.493276197774227871e-04
1.057500695056642296e-03
1.995894001329798261e-04
-4.749846368817766914e-05
-1.428635061246147028e-04
2.410904788213458735e-06
-6.849171421195173318e-06
-3.626475712987703345e-05
1.278006454431609843e-04
1.219773983048499190e-04
-1.453504705812760127e-05
1.824530535972127915e-05
-1.148865964558965251e-04
4.300732005462037217e-04
4.368184630321248537e-04
3.426589152161895076e-05
-7.902258737980701454e-05
-1.928531912285909235e-04
6.142968483417389405e-04
5.393421106356971646e-04
-2.182907822052221965e-04
4.207982322813363690e-04
3.334023569446892504e-04
3.250387400252909248e-05
6.573218072813058130e-04
7.725902748290095469e-06
2.439059789490747391e-06
-7.839161477070163303e-05
2.323787112309969114e-04
5.354454701920808207e-05
-4.566350348936091419e-05
-1.213162934032032515e-05
-3.081887058903323224e-05
-5.445479339821290252e-06
6.319516832561574672e-06
-2.236606036330809758e-05
1.390314641643997914e-05
-1.559266082746357616e-06
-1.272164156790485650e-04
1.416138379770620224e-04
6.107007820538885715e-05
-1.697037962710503420e-04
4.684877859542303433e-05
-6.461648541755467735e-06
5.441689777829963119e-06
-9.113602792156413868e-05
1.072804992496408853e-04
4.895341751294562716e-05
-4.812836349082952835e-05
-1.287213259130350305e-05
3.429556608301453913e-05
-2.188671409697068569e-06
7.163529071336090181e-06
7.192069819930848794e-07
1.024061917799686402e-05
-8.075033018039894301e-06
-2.218587110060410330e-05
-4.649411506641555385e-06
-1.532038797168054013e-06
-1.140589198223523911e-05
-3.493193475653101041e-05
6.819192605710220224e-05
-7.813139408807493207e-05
8.732866914103603890e-05
2.399376836993404659e-05
-5.474339289929212198e-05
4.493375340699336609e-05
-7.690307497520709553e-06
-5.246314995987700913e-06
1.152405795137963165e-05
-1.171230166587301915e-05
1.697409370877405797e-05
-7.644092752369281983e-06
1.748205954178277911e-05
1.509823133010841796e-07
-1.472958479673079788e-05
1.615495734626768484e-05
-2.213402748103607875e-06
1.062896871640730408e-05
-9.390182060994049109e-06
-1.109852017169475604e-05
2.584659820157724844e-05
-4.276106455513182191e-05
5.989868079519110371e-05
-6.359503291244503035e-05
5.222593637765569343e-05
-4.273118133229201771e-05
-8.645377214431958668e-05
6.041255630736860460e-04
1.432643003024326820e-03
2.438412888563321355e-06
-1.654355046558135395e-06
-5.760010003745566749e-06
-5.575562041893006803e-06
3.901801264751814577e-06
1.326450148062829101e-05
1.021721322315980503e-05
-7.718969408694364691e-06
-2.358386812119192446e-05
-2.410371874931062421e-05
2.495547394090532077e-05
5.611972733092752367e-05
4.672006251521718497e-05
-1.059392328452311909e-04
-1.052321578447837640e-04
-7.616320245886545057e-05
2.223506668843844227e-04
1.528313000827800504e-04
-2.568095937301055403e-04
-2.423017518197827767e-04
5.679638641591334622e-04
2.525987046874284241e-08
1.405958680606700690e-06
6.917858286087122379e-06
-5.034915922113973167e-06
1.931399178032751302e-07
-3.638356955798056015e-07
-2.522611981926905554e-06
-2.003414304491931878e-05
1.507012609220234953e-05
-2.499077785643310744e-07
1.194587903902144702e-05
-1.537524242666623984e-05
5.776908491572949289e-05
-3.921841299987571588e-05
1.646923149638384454e-05
-1.099918097329636072e-04
1.763342839606103925e-04
-6.058780933870272663e-05
-1.226692967503581890e-06
-8.267570049423340981e-05
4.995610083899432099e-05
-4.229811209957931454e-05
1.684974706369723563e-04
-1.334415144349845861e-04
4.322705589907415189e-05
9.637568277340775619e-06
7.930494733825040564e-06
-9.019948744749339161e-06
1.981741633324565400e-06
7.345419841852651620e-06
5.411710527505067075e-06
-5.405646501164333055e-07
-5.312246924583608691e-05
-6.484572789169218551e-05
5.461814542318711453e-05
-1.602377967936306319e-05
-8.082371236391613144e-06
-2.043734976383464273e-05
1.420836348371763424e-05
-2.285623489618013952e-05
-1.852510040234823586e-04
2.079297130528627482e-04
6.372890491760033606e-05
-2.009699063537418956e-05
5.529922965618873322e-05
-2.926881336577597464e-05
1.126863038020232703e-05
-8.721600312407748034e-06
7.584560097303954144e-06
-1.434476471460289854e-05
1.023525560565097348e-05
-2.704660500532781679e-05
8.368198266630422105e-06
-1.656046496154810522e-05
-1.957180605122405757e-05
9.085378031097320430e-05
-1.045999051182466209e-04
3.070335748899637987e-05
-1.019376040113456020e-04
9.462309995224345107e-06
2.944711048792805939e-05
1.066193669619582773e-05
-2.247182008752611192e-05
8.762320206390684392e-06
-1.514910923853875212e-05
1.513158056123120971e-05
-1.746081198634030971e-05
-1.947279095168390630e-06
-1.097542510539693308e-05
3.763783719982181172e-07
9.672739208220295141e-06
-3.005237554457735867e-06
-1.394857667819830741e-06
2.937234821551928802e-06
-5.457157692931477344e-06
1.108560358275462491e-05
-2.944463865752492416e-05
5.178636610683120688e-05
-1.036770087970594116e-04
5.071787427273819859e-05
-2.574492592973268092e-04
3.349373249493768092e-04
-1.041764754593647640e-04
1.945377465232491073e-03
3.437572554667559562e-03
3.027573890783667234e-06
-1.924879853883322748e-08
-3.712431105670150752e-06
-2.735371813003699656e-06
-1.115954758436814003e-07
1.087190642172532738e-05
1.403110877141613284e-05
-1.975349735258998172e-06
-1.757080769654602152e-05
-2.905612959420651842e-05
-1.358317339001839635e-06
4.647313614993497482e-05
6.798308992298805818e-05
-3.098878124376773236e-05
-1.556095885285517326e-04
-2.479090412645037914e-04
3.462936418745849636e-04
5.211129529858386875e-04
-1.194951677055275212e-03
-1.113516751057922827e-03
2.173076514542061216e-03
-9.249009187465991215e-06
1.717815022996279895e-06
-3.904179608815758846e-05
6.688033490683117314e-05
8.020223964047062330e-05
-2.082816931528556496e-05
-2.237830167852911020e-05
-1.124524440843828872e-04
2.090429427093768377e-04
3.032666698974587462e-04
-4.921760758659727907e-05
2.944325287173057317e-05
-1.970992060959360034e-04
3.256781109158086909e-04
3.656716661564423754e-04
7.422914913401802510e-05
-2.616485671586862394e-04
2.329716059762370738e-04
-1.484053395025381156e-04
2.822516067352723941e-04
-1.148861878925145599e-04
2.708485170173372740e-04
4.692449041172397427e-04
-2.113714601452295564e-04
8.299871358286243020e-04
4.065888925042418077e-05
1.868075678489239313e-05
8.972248587874526372e-06
-1.918337836134026390e-05
6.552009718571450785e-06
-1.841227118162001907e-05
1.018760743959584710e-05
-1.313888031700698566e-05
4.694267459405264170e-05
-6.145282913246948996e-05
1.275440397104904812e-04
-1.847217006693984732e-04
6.571403581697941572e-05
2.423799704550351793e-07
1.268960489796883194e-04
2.448012720766418453e-05
6.020333062701191976e-05
5.121560090961808876e-05
-1.192850026334384914e-04
1.299712168792362425e-04
-7.818277877428533905e-05
6.764315969028013484e-06
-8.789143735485494075e-06
1.262252123341549095e-05
-8.530825992652555848e-06
1.983479145014897820e-06
-2.633437078621441064e-05
1.016819847871592336e-05
6.285000474954372976e-06
6.098600743477520103e-07
-3.090117677815319957e-05
4.860877952520579819e-05
-4.546749461854046484e-05
3.698034388042527635e-05
1.004464468028148495e-05
-1.166164855349535474e-05
1.996161990657938453e-05
-3.868344597704627668e-05
-5.726608503294004687e-06
2.770087753223519077e-07
-1.013642302373772698e-05
4.785505038996941290e-07
1.005376281204826688e-05
-1.672824224847954615e-06
-6.263081734752616971e-06
2.599357028568950359e-06
6.474181196536386121e-07
4.023838789676964308e-06
-3.048815233918918965e-06
2.473263349305148733e-06
2.995141986322083909e-05
-7.045191337787094321e-05
1.216066390660844895e-04
-1.829703288982056182e-04
1.818037547680624155e-04
-2.640953824139218161e-04
6.306232437181290892e-04
-1.376608834392580721e-03
2.232103923857350469e-03
5.486454990630284384e-03
1.831497299374285865e-05
-1.399845534367758252e-05
-2.718390688615978989e-05
-3.562065696424491482e-05
3.043273955315679155e-05
6.504871882459193624e-05
7.744423531972766518e-05
-4.679090544592935154e-05
-1.141644495924207470e-04
-1.670984505761599246e-04
1.236957759360541795e-04
2.949139502551016028e-04
4.374597254022976516e-04
-3.271799885497004103e-04
-9.231091098338749332e-04
-1.136454660971715361e-03
2.139704228299338720e-03
2.347481849533464195e-03
6.449722884193093272e-04
1.285160615382417021e-02
-1.210775015385780196e-03
-2.061403408725543803e-05
2.801773562574581358e-05
-1.653927061073477407e-05
1.674738504276408524e-05
2.769398853364561709e-05
1.641571063134959711e-05
-9.813769059422740564e-05
-6.195667140020516799e-05
1.495318147382413928e-04
1.696712164946155110e-04
-2.021533146195037900e-04
3.924431183450528024e-04
2.354766633471590286e-05
1.278373106777665018e-04
3.568904252955557238e-04
4.109536339676948900e-04
-1.030108269091479850e-03
-1.699551075626104437e-03
3.795376960879894360e-04
-1.821978778841760972e-03
-8.851738904027211217e-04
2.223177566897785017e-03
-4.929307319922902365e-03
2.578415728005119430e-03
-3.434797325934569115e-03
-1.352213398928679049e-04
-1.456879883265715188e-04
7.398484060940946122e-05
2.126528317698078653e-05
9.373348426628055083e-05
9.653840860880965973e-05
-9.021253765748492250e-05
-5.070921913592889860e-04
1.839331747830372482e-04
-6.306733180714471079e-04
-1.286088258802516645e-04
-1.608276729063042693e-04
-3.513294948645245179e-04
2.680537859332285757e-04
1.324610540641145450e-04
5.050721850767570122e-05
3.060564675638451429e-04
-2.481245314620263089e-04
4.611901644737984528e-04
-2.968727945129709302e-04
2.711816148449090942e-04
4.889281137046553699e-05
-6.371574823613762226e-05
-4.119887958079283851e-05
-5.187651455414728598e-05
-5.842313805781913002e-06
3.062002638261900501e-05
-2.743925227277338735e-06
-3.620214776741211748e-06
-4.625379592005769445e-06
6.530591152210463843e-06
-1.070048707951481548e-04
4.003505409630318574e-04
-2.338062254610127921e-04
-1.525163083064720690e-04
6.362136958797566793e-05
-1.495937112592513410e-04
2.567783750161143404e-04
7.687861737639136122e-05
3.362563023629878788e-05
-4.258313256115429598e-05
6.234767696295977419e-05
-3.403243944454579752e-05
8.812956604197726997e-05
1.437024671793017858e-05
5.158795091484887966e-06
6.214037099801268744e-06
1.866389116517680984e-05
7.368215006039476435e-06
-1.532581693198066042e-05
6.639146829358009690e-05
-1.733312233680455881e-04
2.949720999669500901e-04
-5.584720132768554880e-04
1.945166202608328407e-04
-1.023926755945541714e-03
5.668589348583551700e-04
4.984956159289392896e-03
2.923555283297883407e-03
-9.635022364203271739e-03
-3.041883399496202815e-05
-9.938251858745324467e-06
3.113179810648517405e-05
3.420262223101440971e-05
2.378380750802188114e-05
-8.945698116906413290e-05
-1.279095610575336009e-04
-3.663430431807058904e-05
1.412314450075684638e-04
1.397136985678015277e-04
8.933171575683311843e-05
-1.304382914966236058e-04
-1.735182200426281084e-04
-6.259243936540115751e-05
4.600977086112164943e-04
2.641266465414195624e-05
4.862445488282395164e-04
2.548920192992307232e-04
9.462409673615997802e-03
-1.001048604301153604e-02
-2.129973122548605921e-02
-1.783844500722522316e-05
1.616386320437444900e-05
-1.157593292310036393e-04
4.063158761401155106e-04
4.648460395283634801e-04
2.405391705561447913e-05
-5.668370616911904937e-05
-5.299106354881035191e-04
1.464371394250075196e-03
1.408091311783913778e-03
-1.159892083548439882e-04
1.566468957480834044e-04
-2.940764298281399263e-04
1.534607636125335031e-03
1.975371828458534484e-03
9.368972454792722702e-06
1.251138388337312286e-04
-1.429724612823772686e-03
2.191291422656890114e-03
1.293665367679436426e-03
2.788362115284925662e-03
-6.273126234802644738e-03
-5.476063134044393405e-03
4.059028854980482361e-03
-1.501432636001680601e-03
-5.360225575395484497e-05
-1.321622054845574424e-04
9.643984162954909634e-05
1.228958282114790072e-04
-5.069925202041862056e-04
-1.293289819426383176e-04
1.411639683773424560e-04
-5.382179458927270057e-04
1.447123886838741415e-04
-5.615096210330091644e-04
-3.501317559362983117e-04
-6.805095546807737915e-04
-7.987436293594803085e-04
5.213796957539909701e-04
3.862943790433753257e-04
8.680841799757722192e-04
-9.527955230494353483e-04
8.309578158935284177e-04
6.566550052698514163e-04
1.443634481209498961e-03
-8.409950940415600014e-04
4.904617827866281256e-05
-4.718194560098992648e-05
-1.113507546386342518e-04
7.446597391441568812e-06
1.692554832672948146e-06
-2.556731568768864099e-05
3.820092528021749333e-06
-2.603902024243347124e-05
-1.977032982889084534e-05
1.750821123126619801e-04
-3.664988324507189124e-04
3.812422579823089163e-04
-5.742816044138057338e-04
-5.098916989026662511e-05
1.222535546674468569e-04
-5.139050138524698779e-05
4.874473124697962774e-06
-2.614870850529111239e-05
-1.866461174410645407e-06
1.772231985618148248e-05
-3.052239693193075471e-05
5.597168041810242546e-05
-4.728261352991483931e-05
-1.726445608701414978e-05
-4.414168847728720092e-05
3.955264907660651231e-05
2.622524976904316615e-05
1.274440164872613123e-05
-2.092545722039257949e-05
-3.628121302009461974e-05
8.450615231007676230e-05
-1.399933349377430539e-04
1.964957057928619073e-04
-2.102405159439576078e-04
1.763448794158773228e-04
-2.355248359344471278e-04
5.682745517570068515e-04
-2.301382732351456642e-03
-4.134133211126499868e-03
3.435784535540193685e-06
-1.041518948061880309e-05
-1.006421728507813460e-05
-7.194424642948429059e-06
2.468518573139304235e-05
2.273671864335138771e-05
1.326252949410529564e-05
-4.890906140284795051e-05
-3.711513808518862806e-05
-2.733577155629652233e-05
1.398414103519035037e-04
7.948454251170091378e-05
6.122256862988858183e-05
-4.107895028023895133e-04
-1.725996837899160794e-04
-3.723709430128877049e-06
2.903366820863003436e-04
2.649704714727770037e-05
-1.030716674100186792e-03
-5.725021690868481623e-03
2.127179754029870102e-03
2.462705260967055152e-06
-8.960082660687282720e-06
-1.456594672004757681e-06
1.018950111637317121e-05
1.387552445334073769e-05
-8.667381473518604647e-06
2.677577657986659538e-05
-5.309093304906409934e-06
-1.372246298856586831e-05
-2.962502042814030095e-05
5.000274886479787715e-05
-1.543148255008183506e-04
7.328150440159012175e-05
4.048265903501910577e-05
1.896826308368855410e-04
-6.693856652859225863e-04
1.627568812688090462e-03
-4.117109069420286937e-05
8.469654153595185416e-05
8.251023572650945993e-05
3.357088445859632785e-04
-8.447991653700820218e-04
1.180346064317401751e-03
-4.272278515050021092e-04
1.343443890065906766e-03
8.456216199670479547e-05
2.792073501198344022e-05
3.621815133416822393e-05
2.535819822536988528e-05
-1.238252400690349074e-05
2.394704874206503054e-05
-4.667698121490444432e-06
-2.211375369252057332e-04
-8.523000394058633737e-05
-5.641821873579269702e-05
-1.800625726884391633e-04
4.727977172063198394e-05
-2.151328952910570966e-04
1.055618012239396131e-04
9.509600514121157916e-05
-2.458386488610703018e-04
4.190890353554019678e-04
-3.134143541449937987e-04
-1.923595555432927302e-04
-5.712535985600478540e-04
3.432166023258030867e-04
1.475641397481570792e-05
-1.820837758520807060e-05
-3.226321241112669573e-06
-1.213742112945056555e-05
5.440012033691516357e-06
-1.504074102628216553e-05
4.818166516499690112e-06
-2.045742626957616653e-05
-1.575892308899149263e-05
1.865226136142854145e-04
-3.107483494397670666e-04
3.572891111781620414e-05
-3.550725939600249403e-04
4.123469172985287331e-06
3.498046487620301684e-05
-2.091448194032234809e-06
9.477220305537436415e-06
1.864539954280256166e-05
3.080539452100911725e-05
1.004384674999136688e-05
1.578567075647082212e-05
-1.212305025752758326e-05
8.008244536008115024e-06
2.761595096388338639e-05
-2.120410224605517136e-05
3.229918565320728189e-05
-4.029035848330331991e-05
1.270963899683642793e-05
2.508594305029231204e-07
1.547759169231959208e-05
-3.644662303933523487e-05
6.248528007434398846e-05
-9.330117221003975992e-05
5.423740108485563822e-05
-1.180215266036042021e-04
-1.321222548598444405e-05
2.243863053696611468e-04
6.379634203260649327e-04
-1.558055405543639282e-03
6.825485451445136114e-07
-1.260972499824671020e-05
-3.164180866058738737e-06
-1.969429189962250653e-06
2.831701791468565165e-05
6.640120350568475663e-06
1.752300752211104237e-06
-4.804333803256755477e-05
-1.078427003555533519e-05
-3.104163404478263268e-06
1.069351150233623001e-04
1.697257747384529214e-05
1.152958539219037495e-06
-3.080766855738162053e-04
-2.397385318924122021e-05
9.523087717082860226e-05
1.066426531024137732e-03
-1.266935398212588350e-04
-3.777510171358099242e-04
-1.926089655676768708e-03
8.281281361963233403e-04
7.874566695327312329e-07
-4.636948946247131936e-06
-1.596674878906222453e-05
4.452650465161365643e-05
5.061768496607883144e-05
-5.028293871433927457e-06
7.905778607742712137e-06
-7.301244160763302818e-05
1.727255022077111375e-04
1.965225639941905968e-04
-1.033714783775095515e-05
1.058953103848561854e-05
-1.159122906152940341e-04
2.764357094466670544e-04
2.855823155529948034e-04
2.786920570288934154e-04
-6.028630133455458373e-04
2.329545850804548481e-04
-7.785059872343242661e-05
3.374239162071444929e-04
-7.520053907179104257e-05
2.485880348056342852e-04
-2.875696803925479640e-04
1.117545389653552026e-04
-2.895893099221316137e-04
1.886151557026670029e-05
1.573496868604390365e-05
-2.805394263443185752e-06
7.393241842057817362e-06
-1.229206846219945653e-05
5.959720972309705035e-06
-2.006100956516307051e-06
-5.698474604417129360e-05
-1.775773658361216205e-04
1.506968938231211441e-04
-1.794147436664504826e-05
6.401766404824638362e-05
-1.951042447201897380e-05
-9.945144053917079190e-08
9.680860098546836660e-05
-1.278488857468444814e-04
1.761549647858170272e-04
1.630758037129551767e-04
-2.672878600315148671e-05
2.059949859687114945e-04
-1.125815742528779410e-04
-7.166253383118939824e-06
1.355595506874216895e-05
-1.520811762617607138e-05
2.336716865241341378e-05
-6.909877765090324448e-07
3.858952673995045579e-06
-1.443321982708377597e-06
7.192401392461764164e-06
6.273983230301366626e-06
-2.208913476481090814e-05
1.042716774774223452e-05
9.695139951974900356e-05
-1.515576456016721785e-05
-1.889528430068912522e-05
-7.571144517109908796e-05
-7.173723916802779249e-06
7.873700032635788654e-06
-4.171357785952278379e-05
6.209855716170082858e-06
5.969172222399749352e-06
1.141113089783412126e-05
-2.179331328267703163e-05
7.096902439946421922e-06
9.801942758069791712e-06
-2.746272168991836740e-06
5.978158115402197073e-06
-1.173486183138628197e-05
4.800704394818073842e-06
-3.641802220289287499e-08
-9.532513324093784387e-07
2.129408408177442712e-06
-3.031696912881942078e-06
2.826865675347171371e-06
-3.435394992253836514e-06
-8.869910797257176646e-06
5.205553845742983700e-05
-1.689047612367604160e-04
2.765395176331584669e-04
-1.044354924871822516e-03
-2.053652092859136824e-06
-3.557829170700072509e-06
3.724257681741263285e-06
4.473561650509099248e-06
8.436320896646113776e-06
-8.258692900724130467e-06
-7.314295715142782038e-06
-1.599367184915202010e-05
1.346081693190127318e-05
1.049629798797188411e-05
4.995461470375158071e-05
-1.909024710396838235e-05
-4.118913047413130014e-07
-1.453490039372388749e-04
-4.666621729969145319e-06
-1.259634272141730682e-04
3.267372452478968731e-04
2.977331467151813488e-04
3.021217774720919447e-04
-3.012152575586354115e-04
-6.750543506886491456e-04
-1.558762989408085339e-06
2.723901157721854336e-06
-3.501261248000003680e-06
2.514419827665443106e-06
-2.007074580342152530e-06
2.138270518821710390e-06
-3.808980817562084768e-06
3.352595847699077216e-06
1.152659417991765268e-05
2.697134139695563383e-05
1.171150672882371865e-05
-2.851818756378872644e-05
-5.056149573039622579e-05
3.862155149560444822e-05
-1.536160131644817670e-05
-1.640360301252962729e-04
3.929695650055980375e-04
7.604128166163494622e-05
-7.687209262467365628e-05
-4.821417333969046389e-05
5.185762787814802852e-05
-1.008156682454481559e-04
-5.953140714228759273e-05
8.169922802153282634e-05
1.104062197278981109e-05
3.282276252446940472e-06
3.492868836791327059e-06
-1.898500564402602219e-06
1.115716296807415859e-05
-2.237551741481935886e-05
2.657842223010411781e-07
2.860392208772056841e-06
-1.333333297326461542e-04
-1.282786301439532162e-05
-7.749114016898505525e-05
-9.230137644890082924e-05
-1.764667259169481282e-05
-1.296017169716511246e-04
7.137372354421309204e-05
-1.072238495242814737e-04
9.818604911150107819e-05
-1.906109860316345902e-04
-8.750152727863998159e-05
2.149881430959913099e-05
-8.937209833382376070e-05
3.845364318420444296e-05
-1.589212712429635988e-06
2.624839391119613975e-07
9.498640970699269067e-07
1.276700633220744049e-06
-1.144688220737624863e-05
1.600684087144277327e-05
-1.500987238070640031e-05
1.202661529662015409e-05
1.715121840815463526e-06
3.234578289410892628e-05
-2.426644498975915996e-05
-8.093554633788375714e-05
5.581242846679299057e-06
3.795563616940040078e-05
-5.775724027692927633e-05
4.736035617524395535e-05
-2.976131061403041584e-05
9.151630307939228785e-06
9.170170356402102983e-06
4.923789087275130797e-06
4.425155148515942945e-06
-2.717538353863695702e-06
3.016838386683695113e-06
-1.209668884451979821e-05
1.300727850633471833e-05
-1.483920218563246334e-05
2.058778034773306088e-05
-4.299848714562590178e-06
-2.329085307560457166e-06
6.829512108085451951e-06
-1.619999820335191450e-05
2.838604932941052669e-05
-4.409386289237704427e-05
2.078680838216835446e-05
-6.632067616830606782e-05
1.813303945665263703e-05
1.229082963146907708e-04
2.909412282215453048e-04
8.040836125920902602e-04
2.304344036761107995e-06
1.451916389799766256e-06
-5.698277353628632750e-06
-4.522959804654061928e-06
-3.097564835922716844e-06
1.312483768163434625e-05
9.442531154458409096e-06
5.279468871944715612e-06
-2.147660384787402238e-05
-1.791726078979351267e-05
-4.933663951510764335e-06
4.337622305666981380e-05
3.325455447040036989e-05
2.737008802505952183e-05
-8.549646759059143224e-05
-7.967058985732897061e-05
-1.355412328807182813e-06
1.848958446898538676e-04
-5.747002085613238338e-06
1.732049658338767877e-04
1.412012148482730484e-05
-5.778531064613422800e-06
7.323494911591125786e-06
-1.477899114941906728e-05
2.884096712238468386e-05
2.879037496931388990e-05
5.285114988214474847e-06
-2.281988078135863745e-05
-3.102877450234136546e-05
1.024124222463480561e-04
1.276454535861810274e-04
-2.172895241449654871e-05
2.463590635272090303e-05
-1.216536202022358635e-04
1.862983601082323205e-04
1.392800901809195977e-04
-1.534534862735132191e-04
3.183425768119567552e-04
3.420439815658614597e-04
-1.240545358607344356e-04
2.961442487139172210e-04
-7.491744550844965829e-05
1.462882466549988406e-04
4.131716186752362773e-05
-5.894488804696958211e-05
-4.671500557183672959e-05
-2.326067080977410617e-05
-1.960407830358155569e-05
3.464408934263673980e-06
-9.650977629968059200e-06
1.423716723241483901e-05
-4.943959672853920009e-06
-1.017515365473651232e-06
-2.660400044500619220e-05
-5.242248950581274283e-05
4.242020391705967404e-05
7.225550344113188699e-05
-3.270767025116086429e-05
7.190632156511600525e-05
-3.408428821167079804e-05
-3.592008471305235693e-05
7.219075966614673160e-05
-1.275822199046035862e-04
-4.519930015765631232e-06
1.945408409630156800e-05
1.330218575383110171e-05
-4.299161717755617974e-06
9.457690697584465142e-06
-8.193812371197730835e-06
-1.875648939945260199e-05
1.256446280594092720e-06
-7.089055120112094923e-06
2.188736307245315559e-06
-9.165853273076691207e-06
9.865564153232646833e-06
1.207098587107381026e-06
-5.399022964354538530e-06
1.321518078456377145e-05
2.471284322273590681e-08
1.410665993591578323e-05
3.833749223723828374e-05
-4.106695443710894601e-05
4.215355184597285675e-05
-3.342359718730907270e-05
-5.208230568171462855e-07
8.306226449363379783e-07
-9.289071136651630958e-08
-1.942847417980094422e-06
5.872025720968735467e-06
-3.926608375515623910e-06
9.420337243139341934e-06
-1.269077220392900516e-05
1.461397618536501411e-05
-1.640088399219268424e-05
4.932023817928691857e-06
-3.526212284667171637e-07
-3.209084833611030770e-06
7.179710766661042656e-06
-7.298511033789176554e-06
-9.847669304126372444e-06
-2.972366597438921856e-05
-4.867370911776894613e-05
7.285676619072728672e-05
3.210525029645541761e-04
1.730043724744302722e-04
8.311911134015491148e-04
2.246366887891396299e-07
7.933664570448636049e-07
-1.080203827190596029e-06
4.015195610443488735e-06
-2.029449160661858020e-06
4.396467446247435298e-06
3.538090809198316316e-07
2.967747349446934077e-06
-4.761607582625829495e-06
-1.807882797587503000e-07
-6.238656398227754981e-06
4.452146103466508648e-06
-1.517842791267126244e-05
1.135747020264605851e-05
-1.063161841171725815e-05
-2.697591115174036931e-05
-2.440315719963278003e-05
6.674738614081285001e-05
-1.394849905360710481e-04
1.205871714140490140e-04
2.947359817622293094e-04
-7.714120906149851560e-07
-6.175522021111240564e-06
-1.966967356283131829e-05
4.279594088639911934e-05
4.753965356172763210e-05
-1.496891240460159038e-05
7.958328989429058311e-06
-5.641485483723097531e-05
1.374525729355971428e-04
1.663993541669135331e-04
3.779212692199447508e-06
-3.299299786893195328e-05
-6.257978336032761274e-05
1.353619401229642796e-04
1.507020261857440111e-04
-4.482194283774220214e-05
8.602013018605494954e-05
-3.105882151730618109e-05
5.579974153932543981e-05
5.682024118121807159e-05
-4.841552964259129653e-05
1.178778110464613106e-04
-9.325005143147363612e-06
-9.450067050563057088e-05
-1.628606562148245270e-04
-6.553585980652255807e-06
5.352645972520956295e-06
-1.248119760017623686e-05
2.438301615607105834e-06
1.781697646523248208e-06
5.981796618276072882e-06
-4.939277886726474658e-06
4.662096464517535453e-05
2.395585255475137592e-06
3.431006837970233358e-05
-1.396336294288813230e-05
2.022527410515196418e-05
-9.628711220799168245e-06
5.599113145883283451e-06
-2.261306080584621003e-05
-1.759405315611684199e-05
9.767722225812032840e-06
-6.998799254953064383e-06
-1.126618374719655594e-05
-4.327105228245498471e-06
-1.052011166198899581e-05
-2.369023222295097658e-06
3.056523464678242860e-06
4.421296196423489041e-06
-1.389815501883172374e-07
-3.944073715421236799e-06
1.755632122150627684e-06
-5.292557464873488134e-06
4.375477978769488166e-06
-3.879114695634567752e-06
7.927201952935745651e-06
-8.220544733277326065e-06
-2.239006814893489082e-05
7.968649617801939583e-06
-2.293943837627344108e-08
1.012392126823116570e-05
7.697806842882750904e-06
1.148496220533312975e-05
3.696413265708490918e-05
-1.056262165947494471e-06
7.559405760016692403e-07
3.345304334944709422e-07
-5.355578348654884198e-06
1.197170688820970935e-06
-8.107512220422323378e-07
2.338712759784544744e-06
1.249074108229578248e-06
6.068294591465606767e-06
4.237563276112970552e-06
-4.013402767857801235e-06
8.595559354685209488e-07
-8.941114823347547699e-06
6.935566526651116648e-05
1.133181643247272482e-04
-4.871455720547398602e-06
-2.035438517262246364e-06
9.855171424965080323e-06
1.590858629788047824e-05
6.067732265593205114e-06
-3.125301476471033560e-05
7.017213722424254000e-05
8.967535817989158724e-05
-7.617343120787760922e-05
3.922176069095392659e-06
-3.464312839478226442e-06
-3.500592812724925277e-06
1.004971506992895927e-06
-4.460979861007247894e-06
-1.447388646298303578e-05
1.596145837936308013e-05
1.941583910932530383e-05
-1.157111416047134733e-05
1.842538599761513453e-05
-2.443284359607141446e-07
-1.172276472909918171e-05
3.144905539125861336e-05
-2.816274695873401761e-05
3.058651898362482833e-05
-2.105300923815122726e-06
1.778497705207461699e-06
-2.990078744855086902e-06
9.158380074486314212e-07
-1.700424165806247619e-07
1.191915883522524556e-06
-1.445822218236895962e-06
1.433805825965641272e-06
3.343064884159222191e-06
4.210390939475396622e-07
-4.268251030653120733e-06
2.953064503702021572e-06
-4.355439038993896807e-06
4.198373792389112660e-06
-2.401159946093216140e-06
-5.020394286633089638e-07
6.980595671987931365e-07
-1.099654951125209459e-06
3.993511648922077393e-06
1.727584981872943081e-06
2.697918457371313378e-06
-1.156661870052899791e-06
4.451524991201801563e-06
1.938271943019575049e-05
3.559310731211744709e-05
5.159643147917304922e-04
2.314583451680941992e-04
1.686093833925403964e-05
-1.162927788368122297e-05
2.492750662628903717e-05
-9.193848704923477787e-05
7.661439152960445502e-05
-1.126818961502273089e-04
1.017982727494181845e-05
-6.031327475091953554e-05
-8.931311262403573851e-05
-3.996118638574372838e-06
-1.173694363701802827e-05
-4.833277600356072337e-06
5.994310162583339261e-07
4.598595119384487823e-06
-1.739038411774099317e-05
-5.674619956338533472e-07
1.980538235530547882e-05
3.384330133057917613e-05
-6.023204056349104297e-06
3.072356318217383289e-05
1.089177316121064524e-05
2.420617205026045379e-05
-1.253529804783942435e-05
4.335182585880058178e-05
3.084015435166801342e-06
8.410074242407923983e-06
9.505393227977745560e-07
2.372430956186791937e-06
3.569396541687454612e-07
4.712448546632091244e-06
5.973408734883016579e-06
-3.122077521152447530e-06
-9.048997071967676016e-06
-5.340005355917515494e-08
-6.176494669042621960e-06
-1.108536008198264136e-05
-1.439585827679111813e-05
-1.478372324447813024e-05
-1.151261748469038183e-06
2.998304444309117238e-06
-1.976417251206955817e-06
1.960099773946041364e-06
-2.607380087379469162e-06
3.518592366027989903e-06
2.428422121930774860e-06
3.028940197598936934e-06
2.148790094938509471e-06
2.025419320760349701e-05
3.764449137403450685e-05
5.108065462819258787e-04
2.155677030732627809e-04
-3.257820605265308823e-05
-3.695396647554244604e-06
-2.435904292201149731e-06
1.523604828757718231e-04
3.952004419058143881e-05
3.427116014845912114e-05
6.260794101954816470e-05
-7.132012283388371816e-05
-7.577403048978461665e-05
9.911216787726012358e-06
-3.629289193816691591e-06
2.874200541493842336e-06
6.757694752420884031e-06
2.753699698027850401e-06
-1.975292882528907886e-06
1.521040732973751063e-05
-2.688638525875008947e-05
5.021779286608374178e-06
2.938101710121084395e-05
-3.459713802252653472e-05
-4.454627210304568558e-05
1.995292411893111244e-05
-2.241462586123609961e-05
3.168542229347384991e-05
7.847044296237906316e-06
9.150570409808805313e-06
-1.087265462338421661e-06
-2.667363398041198063e-06
-5.197345170465982832e-07
-5.383804145646803380e-07
-2.768321981936701379e-06
-1.478220263100738826e-05
-1.788630873343705416e-05
-3.015527143878637139e-08
4.532394024542235269e-06
-5.857471421198285986e-06
7.567211407093379166e-06
1.831246485773264994e-05
-3.240860613146700942e-06
-5.533110338132051624e-07
-2.633054135360819943e-06
2.946008336343465507e-06
2.503652374662068147e-06
-1.002531151030120238e-06
-1.769005164061789799e-06
4.723131483786446058e-06
1.095578585494350103e-06
-1.423494744519532317e-05
1.032536685748046857e-04
-4.094397356439323748e-05
-6.712706278563683113e-04
-1.235422740560864867e-05
-2.641225596868206215e-05
1.242487288152117135e-05
6.551987079315436111e-05
3.040634776155625636e-05
-9.358980334962505086e-05
4.684550739794502783e-04
3.801875651031986483e-04
-3.425821339254686636e-04
1.699334227593823186e-05
-7.463837146756557415e-06
-5.562844155284708631e-06
-3.082103096209746856e-06
-7.923336495451352465e-06
-7.991405704580665766e-05
5.995240056333128145e-05
8.859992082589332230e-06
2.685772423681423475e-05
1.013860797308686643e-05
-1.532561753645002626e-04
8.535278555669348463e-05
2.078614194068397912e-05
8.336173747358826354e-05
4.234107338999874262e-05
-3.115578626953653268e-06
6.303400363882383249e-06
-7.232275676815577160e-06
3.269778103901248874e-06
2.047730587672728805e-05
-2.645499059681073352e-06
-1.115525852943276773e-06
3.220820962176540128e-05
-4.093144309106531525e-05
4.754162500226963566e-05
-8.387783634867295780e-06
-3.879823635728413072e-05
-7.214444606672673902e-06
6.775905235808614322e-07
-2.341424406316790276e-05
1.250141954043870506e-05
-1.093201235871982410e-06
1.332872043522733399e-05
1.510685851041895668e-05
-3.174680365680109114e-06
2.689759426323977282e-05
-6.869558880720158601e-06
1.510888821092321053e-05
-1.250883142247355012e-05
2.064712979336701687e-05
-1.699558240375144587e-03
1.534774160696114652e-03
-3.606501738811992319e-05
3.544252152141159738e-05
4.775382675085874056e-05
2.505095431704346793e-04
-9.792157883701321926e-05
-3.668583556952728945e-04
-5.916676438740602279e-04
2.286032424152914739e-04
6.124955091198686693e-04
-5.466284464135703197e-05
8.543887772692117819e-05
-3.110249843780984661e-05
4.000136158309857819e-05
-5.210868379173353885e-05
1.654547336766171183e-04
-2.654745150417563951e-04
-1.233069305711698125e-05
2.532831824615136112e-05
1.199169699899926464e-04
-3.016837623826123370e-06
1.585322234421137353e-04
-2.767818842077358364e-05
-2.848525306255742309e-04
-1.871893466848955126e-04
-6.183341864899188640e-05
-1.558700648052652565e-05
-4.779820488664032659e-05
-7.935513244557593167e-06
2.036856392772957511e-05
-2.300177807757949053e-05
-1.907722808229117952e-05
6.386911927242427478e-05
8.133448992055572068e-05
4.756703881144773557e-05
-4.724556396255183514e-05
1.761365820890481885e-05
-1.460955655635861195e-05
6.305411989786277973e-05
1.841641220096151048e-06
-1.078670310186029719e-05
-1.122151749637937842e-05
1.300829033785265473e-06
-6.033399451865087807e-06
3.687631581326282682e-05
-3.524370532030650821e-05
3.044647420687293652e-05
4.186829970339381923e-06
1.705598972224781350e-05
-8.173308861007888432e-06
-2.629733692719432147e-03
3.679096097110125577e-04
-3.141233751037488984e-05
1.401796273619373978e-04
5.470025319055089012e-05
-2.866896329230798511e-05
-1.051036728757362600e-03
-1.102818752881408324e-04
-1.439119071879405411e-03
7.050295668890111040e-05
2.026740354187486597e-03
-2.655554919933957251e-05
1.574354684402484031e-05
4.681895673876167884e-05
4.275483414829465646e-06
7.303402213504086281e-05
-2.546491360444475723e-05
-4.988976481038982032e-05
4.675945782831752474e-05
5.873252874999463404e-05
1.506390767239468222e-04
-3.024482934938883469e-04
4.157824276898364115e-04
-2.427115802489710785e-04
4.327049905839915251e-04
-2.121511201248730432e-04
3.026782809503207044e-05
-1.646491628393432349e-05
4.445924083505300002e-05
-7.444063049269095291e-06
1.751648569858804788e-05
-3.061510515462157313e-05
2.408235961729670671e-05
9.664476382305648927e-06
3.993215525656180115e-05
-6.270297534284726901e-05
8.735558576307678972e-05
-3.430681189969339725e-05
1.517729570357528076e-04
-8.206174226039794736e-05
-3.865282372861852717e-05
3.934529291708722964e-05
2.447071838424059119e-05
5.668769666911740204e-05
3.693324734979126896e-06
1.696177525229787647e-05
-1.309003804636542545e-05
1.663108401654192018e-05
-3.329664088967831015e-05
-1.290823755213734828e-05
6.558821306138561493e-05
-4.583303912102298038e-04
-7.247397107574285674e-05
1.309132506534567425e-05
-6.149595482170110347e-06
-2.691898894749374983e-05
-4.510566739157519377e-05
2.150718163968485291e-05
9.559689631323704806e-05
-3.653613369598047859e-05
1.240375033027215886e-03
3.230758446780614699e-04
-7.053413706573750946e-06
7.076223788974627033e-06
-1.411061807920328716e-05
3.105219159459870701e-05
-2.489621140430187157e-06
2.798701995400037782e-05
-3.078195682189323031e-05
2.183875395868985336e-05
-5.650441956384815497e-05
8.017965975717917241e-06
2.689114375849149048e-04
-3.166410998400329352e-04
-2.247563346927622754e-04
7.096301920313904303e-05
-2.334488426952455664e-04
-4.659935615944919646e-06
7.972782565274075821e-07
4.464442084457258629e-06
-8.194903753577471113e-06
-1.496916981394305710e-05
-9.496652868483005061e-06
1.141354294435603336e-05
2.475543535159346198e-05
-1.038379555192251636e-05
5.913900480187277586e-06
-2.662228484207848005e-06
7.229164665530359393e-05
-1.393842095496371155e-05
-7.487765058281645867e-06
1.882578330965040245e-05
-6.250698372693280961e-06
2.895226456213364397e-07
-1.124971096222789740e-05
7.540474006329427467e-08
-4.060837903409323697e-05
2.566633136917447183e-05
-3.202031819530657162e-05
-6.794888517403464351e-06
1.069443163758626023e-05
3.495210558784853680e-05
-7.866413628837143216e-04
-3.001547853876415997e-04
9.941041023809090566e-06
-5.909938898839176100e-05
1.279687878543413895e-05
-1.353046976292141397e-05
3.501436507601002920e-04
-1.627572439882323351e-05
4.102224845243660671e-04
9.447189269164203446e-04
-1.077513766844027943e-03
6.923869006608654491e-06
-3.774989964879433863e-05
-5.328406786409059504e-05
4.531997964238465993e-05
-2.823022484681655423e-06
-2.047827137150452808e-05
1.048462483375419828e-04
2.278158028699867749e-04
-1.220877892288814112e-04
1.379482715303691133e-04
-1.358126971378630012e-04
3.947604919869357508e-04
2.556753025209644635e-04
-6.230091154573520676e-06
3.086642138442971940e-04
3.052928782744024884e-06
7.424151901383572846e-06
6.428881983977010100e-06
-1.414301049852870581e-05
-2.183007263195567078e-06
-3.290519365499915892e-05
7.565886081030945150e-06
-2.513903519418422773e-05
2.804486488723207855e-05
-1.053546012258907498e-04
3.662065057431646291e-05
9.250466970490029976e-07
8.604144518413032159e-05
-2.049498451318736825e-05
3.107054272619169654e-06
-1.237700929926869515e-05
5.342139374487628354e-06
2.908479993553654969e-06
-1.010784490464780007e-05
2.758067796073029374e-05
-7.959255240427578440e-06
1.622134341849667955e-05
2.895343214073979325e-05
-4.175703386907205953e-07
1.708892757448520784e-05
6.802400789664526319e-05
-1.605631641993857648e-04
-2.277912393245898104e-06
-1.311838811749666246e-06
2.728298316864458981e-06
4.810127793879381381e-06
-4.191747103568406022e-06
-1.121039793187033109e-06
1.402554803676090069e-05
-2.658390689265273279e-04
-6.370917329232150144e-05
-9.472657018526882972e-06
1.853905690019346997e-05
8.168896129936766432e-06
-4.170038236279370197e-06
5.562493945651149860e-06
2.906792970503678034e-05
-5.772401285696922421e-05
-3.381085937176746292e-05
2.633650904528848233e-05
-1.311631664133049173e-05
2.373191042449957692e-05
-5.355066152884292209e-05
-4.825457546927277200e-06
3.648625690089946334e-06
1.022602679323658319e-05
8.966199459955246132e-06
4.684712905257093057e-06
-6.148586706569118834e-07
-2.099117185378940437e-06
7.684558013072933060e-06
5.848815066544533799e-07
-1.942497766631233708e-06
-2.256874887283584518e-05
9.479951529073016474e-06
-1.805928277130492118e-05
-1.267654307964191098e-05
1.211250633653794277e-05
-1.041139304293527591e-05
4.550542525242075965e-06
3.036460691141249823e-06
-8.919631030484215936e-06
4.503291130655035515e-06
-5.849226650381291614e-06
-3.571623491424582902e-06
9.642293661534884973e-06
-5.580912865152573273e-06
2.836418049359182839e-06
1.252194839835774048e-06
-2.024038296560650708e-06
1.915782954088082087e-05
-3.973275332579589481e-04
7.727716731611715037e-05
1.036535522360728174e-05
5.784435960950348993e-06
-2.082589701062812396e-05
-5.247724255987854040e-05
-6.626668806762315401e-06
1.107058737328221954e-04
9.658595998951358011e-06
3.123532885026133424e-05
-1.896357976559996718e-05
3.484424577063003736e-06
-5.874745568190162255e-06
-1.835898377695690828e-06
4.941718843009294606e-07
1.775509462450158415e-06
-1.549695788694412658e-05
3.046367341806960509e-05
-2.256425332774955459e-05
2.836783304872971055e-05
-3.117622434298555690e-06
1.739028920018747038e-06
-8.274162564857545109e-06
1.598373117700766890e-05
-2.493357615692657774e-05
-1.961037219956142440e-05
4.210776863930728292e-06
-1.534642480256960606e-06
2.416433029525742467e-06
1.081824182535231660e-06
-4.798548258178337942e-06
-2.895308999260154495e-06
1.881327868184491579e-06
-1.261460628770147874e-05
2.006259693233983330e-05
-2.871816581623122755e-05
1.067032894889838656e-05
-6.542268609907845652e-06
2.021989962053054337e-05
-9.903495580582888033e-06
4.005150716833345157e-07
2.625353841017355755e-06
-9.975664046200858053e-06
7.886956709069315694e-06
-5.036056118531339750e-06
7.451887259581307081e-06
-9.852843005136198627e-06
3.820619024131738057e-06
-4.394145149214758615e-06
-5.258102580694509566e-06
2.117328050407530865e-05
1.217843002932432592e-04
6.000964108589562000e-05
-1.051476726171228423e-06
1.164511475878555325e-06
9.479708256791389065e-08
5.304864120132966484e-06
3.605762767169610295e-05
-5.324674941746297513e-06
4.804831481304485275e-05
-4.910952214799580036e-05
-1.186123857210149381e-04
-1.592081984621617836e-06
3.845386325206971556e-06
-8.805147353801040668e-06
6.474073596253958183e-06
-4.889259604435772545e-06
1.029679476137980469e-05
-2.276750417624351353e-05
2.856133627598093447e-05
-1.951800013134388171e-05
1.888532085437936731e-05
3.782562602446849769e-06
-1.168241070051877932e-05
4.063996907356549491e-05
-1.956028144985963647e-05
3.647037745200206908e-05
5.637871681366812120e-08
5.137913460328329120e-06
-5.705709686875198535e-06
1.724902967731459600e-06
-1.003596301756201623e-06
2.938704268088441404e-06
-1.462266111993770981e-06
2.132746946113100171e-05
-2.018870686907513497e-05
3.803470941684834045e-05
-2.788101011456059056e-06
7.315194679355313949e-06
-2.303628653697164363e-06
5.851150922384341878e-07
3.203603000064692879e-07
-1.689300895942896361e-06
5.668747538009529019e-06
-4.039714616979948639e-06
-6.828517921145933644e-06
2.976333109728884900e-06
-8.967739221074317397e-06
3.960758700472983993e-06
-6.034775600949585573e-06
-2.032990743101575599e-06
2.163742320291441677e-05
-2.829067293354167994e-04
-3.216809533645841328e-04
-2.590565089120956002e-06
2.129730372826485807e-06
7.603164018212196180e-06
2.402926231013513005e-05
-3.382411469176200132e-05
-5.871371288786317381e-05
2.022422646355999319e-05
-1.300293971514037078e-04
-1.604830822436792011e-05
1.116791016557701385e-06
-3.113328892679449699e-06
-1.146424883310351703e-06
2.527405928762229753e-06
2.775380961097408372e-06
5.728445548805732174e-06
-1.153289996712374699e-05
-1.681803038864022336e-05
1.527089313299188135e-05
-5.919152506180379576e-07
6.602441319062551001e-06
-6.323360233312517408e-06
3.830568353420422690e-05
-3.014242382896415310e-05
1.374373107719917534e-06
2.722686850315349247e-06
6.521463236108374680e-06
-6.403349718828977061e-06
-1.979832481708734133e-06
1.112071430384206510e-05
4.021269502023481926e-06
-3.564338591421079802e-06
-1.060032033518894906e-05
-6.377222360333013031e-06
1.347068815272699763e-06
-6.156640064673728437e-06
-9.269411467871729800e-06
-1.323476940895467886e-05
7.727098428146805112e-06
3.055512758380961665e-06
-5.186050795011709078e-06
2.355167369332380834e-06
-6.966934484058113551e-06
-3.629853858532870843e-06
4.276586009786520301e-06
-3.258541331688006235e-06
3.014324018933588040e-06
1.433238507615656076e-06
